INFO:httpx:HTTP Request: HEAD https://huggingface.co/FacebookAI/roberta-base/resolve/main/config.json "HTTP/1.1 307 Temporary Redirect"
INFO:httpx:HTTP Request: HEAD https://huggingface.co/api/resolve-cache/models/FacebookAI/roberta-base/e2da8e2f811d1448a5b465c236feacd80ffbac7b/config.json "HTTP/1.1 200 OK"
INFO:httpx:HTTP Request: HEAD https://huggingface.co/FacebookAI/roberta-base/resolve/main/model.safetensors "HTTP/1.1 302 Found"
Loading weights: 100%|██████████| 197/197 [00:00<00:00, 2241.67it/s, Materializing param=encoder.layer.11.output.dense.weight]              
RobertaModel LOAD REPORT from: FacebookAI/roberta-base
Key                             | Status     | 
--------------------------------+------------+-
roberta.embeddings.position_ids | UNEXPECTED | 
lm_head.dense.weight            | UNEXPECTED | 
lm_head.dense.bias              | UNEXPECTED | 
lm_head.layer_norm.weight       | UNEXPECTED | 
lm_head.bias                    | UNEXPECTED | 
lm_head.layer_norm.bias         | UNEXPECTED | 
pooler.dense.bias               | MISSING    | 
pooler.dense.weight             | MISSING    | 

Notes:
- UNEXPECTED	:can be ignored when loading from different task/architecture; not ok if you expect identical arch.
- MISSING	:those params were newly initialized because missing from the checkpoint. Consider training on your downstream task.
tensor([[0.6315, 0.0805, 0.1001, 0.0985, 0.0894],
        [0.6846, 0.0846, 0.0671, 0.0859, 0.0778],
        [0.0429, 0.4414, 0.1940, 0.1564, 0.1652],
        [0.6593, 0.0656, 0.1106, 0.0810, 0.0836],
        [0.6062, 0.0763, 0.0869, 0.1085, 0.1221],
        [0.4349, 0.1454, 0.1470, 0.1545, 0.1181],
        [0.6709, 0.0701, 0.0750, 0.0867, 0.0972],
        [0.5007, 0.1239, 0.1448, 0.1321, 0.0984],
        [0.2690, 0.2453, 0.1759, 0.1450, 0.1648],
        [0.6124, 0.0895, 0.1062, 0.0848, 0.1070],
        [0.4682, 0.1385, 0.1253, 0.1315, 0.1365],
        [0.6352, 0.0987, 0.0779, 0.0883, 0.0998],
        [0.1752, 0.3156, 0.1423, 0.1505, 0.2164],
        [0.0404, 0.2976, 0.2814, 0.1761, 0.2045],
        [0.0538, 0.3987, 0.1737, 0.2023, 0.1714],
        [0.0323, 0.1571, 0.2929, 0.2402, 0.2776]], device='mps:0')
tensor([0., 0., 0., 0., 1., 0., 0., 0., 0., 0., 0., 0., 0., 3., 4., 0.])
completed batch 10
tensor([[0.0441, 0.5495, 0.1961, 0.1143, 0.0960],
        [0.6416, 0.0844, 0.1050, 0.0776, 0.0913],
        [0.0867, 0.3223, 0.2529, 0.1774, 0.1607],
        [0.4935, 0.1134, 0.1100, 0.1319, 0.1512],
        [0.5410, 0.1060, 0.1084, 0.1292, 0.1154],
        [0.6450, 0.0733, 0.1028, 0.1058, 0.0730],
        [0.5371, 0.1327, 0.1248, 0.0939, 0.1114],
        [0.4847, 0.1034, 0.1140, 0.1396, 0.1583],
        [0.6217, 0.1113, 0.0944, 0.0805, 0.0920],
        [0.5274, 0.1167, 0.1388, 0.1159, 0.1013],
        [0.5007, 0.1675, 0.1054, 0.1284, 0.0980],
        [0.2360, 0.1906, 0.1693, 0.1787, 0.2255],
        [0.6356, 0.1045, 0.1056, 0.0939, 0.0604],
        [0.1067, 0.4876, 0.1406, 0.1319, 0.1331],
        [0.0392, 0.1223, 0.4051, 0.2302, 0.2032],
        [0.0405, 0.3814, 0.2097, 0.2186, 0.1498]], device='mps:0')
tensor([0., 0., 4., 0., 0., 0., 0., 0., 0., 0., 0., 0., 0., 0., 0., 1.])
completed batch 20
tensor([[0.1720, 0.2906, 0.1576, 0.2369, 0.1429],
        [0.5853, 0.1027, 0.0848, 0.1137, 0.1135],
        [0.0832, 0.4054, 0.2025, 0.1790, 0.1299],
        [0.0134, 0.0311, 0.3045, 0.2845, 0.3665],
        [0.3295, 0.2020, 0.1753, 0.1593, 0.1339],
        [0.4719, 0.1800, 0.1344, 0.0911, 0.1226],
        [0.0519, 0.5247, 0.1757, 0.1239, 0.1239],
        [0.3577, 0.2229, 0.1591, 0.1583, 0.1019],
        [0.1614, 0.4448, 0.1289, 0.1213, 0.1436],
        [0.1482, 0.4086, 0.1795, 0.1378, 0.1259],
        [0.6469, 0.0636, 0.0744, 0.1055, 0.1095],
        [0.0288, 0.5556, 0.1008, 0.1418, 0.1730],
        [0.6127, 0.0913, 0.0965, 0.0967, 0.1028],
        [0.2543, 0.2009, 0.1757, 0.1908, 0.1782],
        [0.6318, 0.0831, 0.0859, 0.0939, 0.1053],
        [0.4991, 0.1459, 0.1158, 0.1228, 0.1164]], device='mps:0')
tensor([0., 0., 0., 0., 0., 0., 0., 1., 0., 0., 0., 0., 0., 1., 0., 3.])
completed batch 30
tensor([[0.0978, 0.3030, 0.1941, 0.1800, 0.2251],
        [0.4544, 0.1890, 0.1152, 0.1224, 0.1189],
        [0.5148, 0.1492, 0.0987, 0.1303, 0.1070],
        [0.5124, 0.1500, 0.0951, 0.1281, 0.1143],
        [0.0269, 0.5437, 0.1415, 0.1457, 0.1422],
        [0.4488, 0.1126, 0.1175, 0.1274, 0.1938],
        [0.4617, 0.1392, 0.1493, 0.1199, 0.1298],
        [0.3026, 0.1129, 0.1575, 0.2054, 0.2216],
        [0.6002, 0.1092, 0.0979, 0.1021, 0.0907],
        [0.3848, 0.1253, 0.1465, 0.1974, 0.1459],
        [0.0303, 0.5177, 0.2722, 0.0967, 0.0831],
        [0.0415, 0.6213, 0.1405, 0.0803, 0.1164],
        [0.6673, 0.0670, 0.0773, 0.0866, 0.1019],
        [0.5570, 0.1152, 0.1103, 0.1107, 0.1068],
        [0.3968, 0.1828, 0.1615, 0.1450, 0.1140],
        [0.4082, 0.1410, 0.1403, 0.1480, 0.1625]], device='mps:0')
tensor([3., 0., 4., 0., 0., 0., 0., 0., 0., 0., 0., 0., 0., 3., 0., 0.])
completed batch 40
tensor([[0.0330, 0.1617, 0.4496, 0.1793, 0.1764],
        [0.0300, 0.3122, 0.2334, 0.2378, 0.1867],
        [0.1056, 0.4180, 0.1491, 0.1740, 0.1532],
        [0.6238, 0.0813, 0.0915, 0.1010, 0.1024],
        [0.0179, 0.0444, 0.3109, 0.3070, 0.3197],
        [0.6336, 0.0824, 0.0852, 0.1146, 0.0842],
        [0.1650, 0.3419, 0.1330, 0.1653, 0.1946],
        [0.3359, 0.1349, 0.1343, 0.1802, 0.2146],
        [0.1078, 0.2972, 0.1972, 0.2025, 0.1953],
        [0.0245, 0.0412, 0.3451, 0.2715, 0.3178],
        [0.0787, 0.4729, 0.1703, 0.1531, 0.1250],
        [0.6515, 0.0819, 0.0777, 0.0808, 0.1081],
        [0.0560, 0.3139, 0.2131, 0.1755, 0.2415],
        [0.4592, 0.1396, 0.1156, 0.1444, 0.1412],
        [0.5616, 0.1184, 0.1003, 0.0981, 0.1215],
        [0.6395, 0.0726, 0.0902, 0.1140, 0.0837]], device='mps:0')
tensor([4., 0., 0., 0., 0., 4., 3., 0., 1., 0., 0., 0., 3., 0., 1., 0.])
completed batch 50
tensor([[0.0603, 0.5719, 0.1238, 0.1228, 0.1213],
        [0.5700, 0.1257, 0.1201, 0.0909, 0.0932],
        [0.0298, 0.5879, 0.1989, 0.1133, 0.0702],
        [0.0183, 0.0251, 0.3787, 0.2831, 0.2948],
        [0.6042, 0.0878, 0.0946, 0.1005, 0.1129],
        [0.6182, 0.0741, 0.0935, 0.0947, 0.1195],
        [0.5846, 0.0961, 0.1027, 0.1075, 0.1091],
        [0.0394, 0.5932, 0.1388, 0.1063, 0.1223],
        [0.1688, 0.4560, 0.1466, 0.1079, 0.1207],
        [0.0331, 0.3858, 0.2036, 0.2102, 0.1672],
        [0.3937, 0.1466, 0.1237, 0.1578, 0.1782],
        [0.2458, 0.3889, 0.1302, 0.1176, 0.1174],
        [0.4212, 0.1205, 0.1653, 0.1628, 0.1301],
        [0.6133, 0.0955, 0.0886, 0.1122, 0.0904],
        [0.0200, 0.0416, 0.4677, 0.2601, 0.2106],
        [0.0363, 0.3417, 0.2559, 0.1783, 0.1879]], device='mps:0')
tensor([0., 0., 0., 0., 0., 0., 0., 0., 0., 0., 0., 3., 0., 0., 0., 0.])
completed batch 60
tensor([[0.0373, 0.6025, 0.1346, 0.1014, 0.1242],
        [0.6340, 0.0806, 0.0806, 0.1065, 0.0984],
        [0.2756, 0.2084, 0.2083, 0.1906, 0.1172],
        [0.5490, 0.1070, 0.1234, 0.1244, 0.0963],
        [0.5782, 0.1014, 0.1137, 0.0975, 0.1092],
        [0.4721, 0.1089, 0.1077, 0.1359, 0.1754],
        [0.4355, 0.1411, 0.1630, 0.1128, 0.1475],
        [0.0278, 0.5228, 0.1430, 0.1416, 0.1648],
        [0.5280, 0.0969, 0.0910, 0.1210, 0.1631],
        [0.4927, 0.1096, 0.1135, 0.1355, 0.1487],
        [0.6512, 0.0714, 0.0957, 0.0807, 0.1010],
        [0.3149, 0.0912, 0.1445, 0.1631, 0.2862],
        [0.6678, 0.1107, 0.0630, 0.0819, 0.0766],
        [0.6360, 0.0856, 0.0868, 0.0919, 0.0997],
        [0.0239, 0.7178, 0.0840, 0.0768, 0.0975],
        [0.5967, 0.0882, 0.0929, 0.1052, 0.1170]], device='mps:0')
tensor([0., 0., 1., 0., 0., 4., 0., 0., 0., 0., 3., 0., 0., 0., 0., 0.])
completed batch 70
tensor([[0.7115, 0.0864, 0.0690, 0.0590, 0.0742],
        [0.5962, 0.0824, 0.0860, 0.1315, 0.1038],
        [0.5860, 0.1147, 0.0793, 0.1147, 0.1053],
        [0.6065, 0.0978, 0.0877, 0.0876, 0.1204],
        [0.3306, 0.1831, 0.1693, 0.1461, 0.1709],
        [0.0938, 0.2988, 0.2407, 0.1743, 0.1924],
        [0.5629, 0.0912, 0.0990, 0.1280, 0.1189],
        [0.0593, 0.2356, 0.3054, 0.2826, 0.1172],
        [0.2176, 0.3246, 0.1463, 0.1494, 0.1622],
        [0.4982, 0.1150, 0.1178, 0.1521, 0.1169],
        [0.4413, 0.1435, 0.1286, 0.1667, 0.1199],
        [0.0590, 0.6104, 0.1463, 0.0926, 0.0917],
        [0.0306, 0.6865, 0.1328, 0.0740, 0.0762],
        [0.6347, 0.0814, 0.0891, 0.1003, 0.0945],
        [0.3266, 0.1697, 0.1651, 0.1778, 0.1608],
        [0.0318, 0.2335, 0.2287, 0.2085, 0.2975]], device='mps:0')
tensor([0., 0., 0., 3., 0., 0., 0., 0., 0., 0., 0., 0., 1., 0., 0., 0.])
completed batch 80
tensor([[0.0308, 0.0566, 0.1703, 0.2292, 0.5131],
        [0.2570, 0.3071, 0.1723, 0.1385, 0.1251],
        [0.0233, 0.5694, 0.1608, 0.1586, 0.0880],
        [0.6081, 0.0998, 0.0953, 0.0902, 0.1066],
        [0.6329, 0.0786, 0.0732, 0.0986, 0.1168],
        [0.4331, 0.1654, 0.1217, 0.1542, 0.1256],
        [0.3098, 0.1476, 0.1825, 0.1938, 0.1663],
        [0.5998, 0.0923, 0.0843, 0.1067, 0.1170],
        [0.5344, 0.1334, 0.0910, 0.1390, 0.1021],
        [0.6777, 0.0575, 0.0642, 0.1003, 0.1003],
        [0.2098, 0.3654, 0.1452, 0.1456, 0.1340],
        [0.2031, 0.2122, 0.2309, 0.2043, 0.1495],
        [0.0214, 0.0665, 0.4750, 0.2475, 0.1896],
        [0.5009, 0.1083, 0.0982, 0.1336, 0.1591],
        [0.2367, 0.1407, 0.1916, 0.1967, 0.2344],
        [0.6338, 0.0653, 0.0960, 0.0968, 0.1081]], device='mps:0')
tensor([0., 0., 0., 0., 0., 0., 0., 0., 0., 0., 0., 0., 4., 0., 4., 1.])
completed batch 90
tensor([[0.6304, 0.0711, 0.0810, 0.0981, 0.1195],
        [0.5617, 0.1007, 0.0946, 0.1165, 0.1266],
        [0.3219, 0.2645, 0.1316, 0.1356, 0.1464],
        [0.7157, 0.0466, 0.0654, 0.0928, 0.0796],
        [0.0385, 0.1663, 0.3631, 0.2344, 0.1977],
        [0.0772, 0.2484, 0.1992, 0.2127, 0.2625],
        [0.0199, 0.4838, 0.1943, 0.2082, 0.0939],
        [0.5605, 0.0843, 0.1005, 0.1203, 0.1344],
        [0.5975, 0.0761, 0.1007, 0.0974, 0.1283],
        [0.0471, 0.6185, 0.1142, 0.1233, 0.0968],
        [0.0084, 0.0074, 0.2737, 0.2909, 0.4196],
        [0.0264, 0.1088, 0.5050, 0.1493, 0.2105],
        [0.2775, 0.1808, 0.1570, 0.1808, 0.2039],
        [0.0354, 0.2581, 0.1737, 0.2013, 0.3316],
        [0.5663, 0.0912, 0.0883, 0.1222, 0.1320],
        [0.4937, 0.1274, 0.1140, 0.1328, 0.1321]], device='mps:0')
tensor([1., 0., 0., 0., 0., 0., 0., 0., 1., 0., 0., 2., 0., 0., 0., 0.])
completed batch 100
tensor([[0.6177, 0.0754, 0.0895, 0.1229, 0.0945],
        [0.0167, 0.0479, 0.5275, 0.2181, 0.1898],
        [0.6698, 0.0703, 0.0817, 0.0893, 0.0889],
        [0.5022, 0.1241, 0.1270, 0.1374, 0.1092],
        [0.6448, 0.0749, 0.0717, 0.1055, 0.1032],
        [0.4983, 0.1230, 0.1267, 0.1281, 0.1239],
        [0.6114, 0.1103, 0.0828, 0.1022, 0.0933],
        [0.4252, 0.1280, 0.1257, 0.1687, 0.1524],
        [0.0030, 0.0023, 0.1032, 0.2481, 0.6434],
        [0.1848, 0.3418, 0.1502, 0.1567, 0.1665],
        [0.4041, 0.1699, 0.1399, 0.1657, 0.1204],
        [0.5645, 0.0899, 0.0983, 0.1314, 0.1159],
        [0.0201, 0.0418, 0.2113, 0.2666, 0.4602],
        [0.5878, 0.0839, 0.1099, 0.1090, 0.1094],
        [0.6071, 0.0786, 0.0801, 0.0957, 0.1385],
        [0.0429, 0.3765, 0.1811, 0.1992, 0.2003]], device='mps:0')
tensor([4., 0., 0., 0., 0., 0., 0., 0., 0., 0., 0., 0., 0., 3., 0., 0.])
completed batch 110
tensor([[0.4474, 0.1506, 0.1258, 0.1424, 0.1338],
        [0.2930, 0.3291, 0.1567, 0.1156, 0.1056],
        [0.3823, 0.1444, 0.1636, 0.1411, 0.1686],
        [0.0970, 0.5026, 0.1360, 0.1440, 0.1205],
        [0.6071, 0.1138, 0.0864, 0.1061, 0.0866],
        [0.4488, 0.1392, 0.1046, 0.1720, 0.1354],
        [0.6228, 0.0792, 0.0902, 0.0945, 0.1133],
        [0.5385, 0.1252, 0.1060, 0.0994, 0.1308],
        [0.5715, 0.1084, 0.1005, 0.1032, 0.1163],
        [0.2674, 0.2354, 0.1529, 0.1969, 0.1475],
        [0.0390, 0.7426, 0.0869, 0.0787, 0.0529],
        [0.3215, 0.1771, 0.1744, 0.1567, 0.1703],
        [0.3617, 0.1789, 0.1442, 0.1381, 0.1771],
        [0.5447, 0.0840, 0.1302, 0.1207, 0.1204],
        [0.1183, 0.3654, 0.2108, 0.1631, 0.1423],
        [0.3673, 0.2420, 0.1484, 0.1250, 0.1172]], device='mps:0')
tensor([0., 0., 0., 0., 0., 0., 0., 0., 0., 0., 0., 0., 0., 3., 0., 0.])
completed batch 120
tensor([[0.3580, 0.2547, 0.1162, 0.1248, 0.1463],
        [0.0842, 0.4708, 0.1911, 0.1129, 0.1411],
        [0.6435, 0.0721, 0.0876, 0.1199, 0.0770],
        [0.6125, 0.0892, 0.1068, 0.0877, 0.1038],
        [0.5556, 0.1355, 0.1019, 0.1008, 0.1061],
        [0.5829, 0.1049, 0.0880, 0.1018, 0.1224],
        [0.0367, 0.6606, 0.1027, 0.1185, 0.0816],
        [0.0512, 0.3507, 0.1729, 0.1827, 0.2424],
        [0.0973, 0.5835, 0.1449, 0.0863, 0.0880],
        [0.0610, 0.5147, 0.1200, 0.1675, 0.1367],
        [0.6340, 0.0843, 0.0928, 0.1024, 0.0865],
        [0.6394, 0.0761, 0.1058, 0.0920, 0.0866],
        [0.2036, 0.3873, 0.1417, 0.1347, 0.1327],
        [0.0221, 0.2561, 0.3401, 0.2276, 0.1542],
        [0.4363, 0.1433, 0.1342, 0.1418, 0.1444],
        [0.0277, 0.4823, 0.2428, 0.1036, 0.1436]], device='mps:0')
tensor([0., 0., 0., 0., 1., 0., 1., 0., 0., 4., 1., 1., 4., 4., 1., 0.])
completed batch 130
Evaluation finished!

[[1687  206]
 [ 163   36]]
              precision    recall  f1-score   support

       False       0.91      0.89      0.90      1893
        True       0.15      0.18      0.16       199

    accuracy                           0.82      2092
   macro avg       0.53      0.54      0.53      2092
weighted avg       0.84      0.82      0.83      2092
