INFO:httpx:HTTP Request: HEAD https://huggingface.co/FacebookAI/roberta-base/resolve/main/config.json "HTTP/1.1 307 Temporary Redirect"
INFO:httpx:HTTP Request: HEAD https://huggingface.co/api/resolve-cache/models/FacebookAI/roberta-base/e2da8e2f811d1448a5b465c236feacd80ffbac7b/config.json "HTTP/1.1 200 OK"
INFO:httpx:HTTP Request: HEAD https://huggingface.co/FacebookAI/roberta-base/resolve/main/model.safetensors "HTTP/1.1 302 Found"
Loading weights: 100%|██████████| 197/197 [00:00<00:00, 1754.60it/s, Materializing param=encoder.layer.11.output.dense.weight]              
RobertaModel LOAD REPORT from: FacebookAI/roberta-base
Key                             | Status     | 
--------------------------------+------------+-
roberta.embeddings.position_ids | UNEXPECTED | 
lm_head.dense.weight            | UNEXPECTED | 
lm_head.dense.bias              | UNEXPECTED | 
lm_head.layer_norm.weight       | UNEXPECTED | 
lm_head.bias                    | UNEXPECTED | 
lm_head.layer_norm.bias         | UNEXPECTED | 
pooler.dense.bias               | MISSING    | 
pooler.dense.weight             | MISSING    | 

Notes:
- UNEXPECTED	:can be ignored when loading from different task/architecture; not ok if you expect identical arch.
- MISSING	:those params were newly initialized because missing from the checkpoint. Consider training on your downstream task.
tensor([[0.2967, 0.2163, 0.1343, 0.1428, 0.2100],
        [0.5637, 0.1042, 0.0937, 0.1179, 0.1204],
        [0.6624, 0.0748, 0.0603, 0.0963, 0.1063],
        [0.6689, 0.0764, 0.0856, 0.0769, 0.0922],
        [0.0934, 0.2133, 0.1713, 0.1501, 0.3719],
        [0.4807, 0.1186, 0.1607, 0.0770, 0.1630],
        [0.0860, 0.4020, 0.1413, 0.1451, 0.2255],
        [0.0730, 0.1799, 0.2596, 0.2419, 0.2454],
        [0.5449, 0.0583, 0.1393, 0.0885, 0.1691],
        [0.5418, 0.0935, 0.1361, 0.1043, 0.1243],
        [0.3244, 0.1200, 0.2118, 0.1285, 0.2153],
        [0.4407, 0.1387, 0.1508, 0.1460, 0.1237],
        [0.0147, 0.0400, 0.2832, 0.3886, 0.2735],
        [0.4370, 0.1678, 0.1391, 0.1142, 0.1419],
        [0.5193, 0.1532, 0.1247, 0.1354, 0.0675],
        [0.0057, 0.0101, 0.7057, 0.1982, 0.0803]], device='mps:0')
tensor([0., 0., 0., 0., 1., 0., 0., 0., 0., 0., 0., 0., 0., 3., 4., 0.])
completed batch 10
tensor([[0.5846, 0.0838, 0.1091, 0.1109, 0.1115],
        [0.3523, 0.1518, 0.1682, 0.1210, 0.2067],
        [0.1093, 0.2689, 0.1751, 0.2226, 0.2242],
        [0.0278, 0.3293, 0.1381, 0.2464, 0.2584],
        [0.3164, 0.2833, 0.1431, 0.1361, 0.1212],
        [0.4590, 0.0889, 0.1357, 0.1285, 0.1879],
        [0.2661, 0.2253, 0.1209, 0.1662, 0.2215],
        [0.0629, 0.4923, 0.1467, 0.1832, 0.1149],
        [0.0781, 0.1874, 0.1358, 0.2944, 0.3043],
        [0.1359, 0.2760, 0.3216, 0.1453, 0.1213],
        [0.5979, 0.1069, 0.0535, 0.1427, 0.0990],
        [0.2330, 0.1969, 0.1812, 0.1479, 0.2410],
        [0.4163, 0.2905, 0.0783, 0.1306, 0.0843],
        [0.7225, 0.0692, 0.0691, 0.0510, 0.0882],
        [0.6461, 0.0799, 0.0715, 0.1104, 0.0921],
        [0.2438, 0.1456, 0.1809, 0.2369, 0.1928]], device='mps:0')
tensor([0., 0., 4., 0., 0., 0., 0., 0., 0., 0., 0., 0., 0., 0., 0., 1.])
completed batch 20
tensor([[0.2582, 0.2112, 0.1882, 0.1952, 0.1472],
        [0.2706, 0.2788, 0.1252, 0.1339, 0.1914],
        [0.1152, 0.4552, 0.1287, 0.1534, 0.1476],
        [0.0057, 0.0087, 0.1420, 0.5331, 0.3106],
        [0.3263, 0.1460, 0.1664, 0.1491, 0.2122],
        [0.7079, 0.0762, 0.0685, 0.0890, 0.0585],
        [0.5589, 0.0994, 0.1016, 0.1292, 0.1109],
        [0.5999, 0.0682, 0.1023, 0.1369, 0.0927],
        [0.5390, 0.0998, 0.1052, 0.1116, 0.1445],
        [0.0374, 0.3166, 0.1940, 0.2309, 0.2211],
        [0.6450, 0.1021, 0.0779, 0.0831, 0.0918],
        [0.3195, 0.3087, 0.1317, 0.1076, 0.1326],
        [0.6502, 0.0816, 0.1008, 0.0719, 0.0955],
        [0.4840, 0.1588, 0.0969, 0.1387, 0.1216],
        [0.5450, 0.0985, 0.0932, 0.1197, 0.1436],
        [0.1851, 0.2442, 0.2016, 0.2261, 0.1431]], device='mps:0')
tensor([0., 0., 0., 0., 0., 0., 0., 1., 0., 0., 0., 0., 0., 1., 0., 3.])
completed batch 30
tensor([[0.1128, 0.4566, 0.1400, 0.1164, 0.1741],
        [0.6888, 0.0498, 0.0664, 0.0629, 0.1321],
        [0.0013, 0.0019, 0.8427, 0.0730, 0.0811],
        [0.2495, 0.3417, 0.1573, 0.1313, 0.1202],
        [0.7493, 0.0615, 0.0624, 0.0625, 0.0644],
        [0.0383, 0.0460, 0.8279, 0.0368, 0.0511],
        [0.6723, 0.0783, 0.0801, 0.0796, 0.0898],
        [0.4822, 0.1163, 0.1676, 0.0956, 0.1384],
        [0.3940, 0.1436, 0.0897, 0.1691, 0.2035],
        [0.5809, 0.0981, 0.0831, 0.1121, 0.1258],
        [0.0519, 0.2118, 0.1897, 0.1894, 0.3571],
        [0.0233, 0.0566, 0.1446, 0.5452, 0.2303],
        [0.2915, 0.1067, 0.1865, 0.1914, 0.2239],
        [0.5707, 0.1107, 0.1245, 0.0885, 0.1055],
        [0.2775, 0.0922, 0.2531, 0.1551, 0.2221],
        [0.1498, 0.4315, 0.1042, 0.1988, 0.1158]], device='mps:0')
tensor([3., 0., 4., 0., 0., 0., 0., 0., 0., 0., 0., 0., 0., 3., 0., 0.])
completed batch 40
tensor([[0.0772, 0.3422, 0.1801, 0.2724, 0.1282],
        [0.5484, 0.0978, 0.1071, 0.1364, 0.1103],
        [0.0203, 0.7541, 0.0896, 0.0658, 0.0701],
        [0.3396, 0.1092, 0.1980, 0.1913, 0.1619],
        [0.3461, 0.2098, 0.1222, 0.2093, 0.1127],
        [0.0819, 0.3724, 0.2436, 0.2020, 0.1001],
        [0.3052, 0.0868, 0.2715, 0.1715, 0.1650],
        [0.4494, 0.0956, 0.2906, 0.0638, 0.1006],
        [0.5208, 0.1262, 0.1166, 0.1139, 0.1225],
        [0.2924, 0.2598, 0.1345, 0.1654, 0.1478],
        [0.4750, 0.1440, 0.1493, 0.1343, 0.0974],
        [0.6883, 0.0462, 0.0964, 0.0704, 0.0987],
        [0.0087, 0.0171, 0.1284, 0.2648, 0.5810],
        [0.5510, 0.1078, 0.0873, 0.1151, 0.1389],
        [0.5052, 0.1101, 0.0990, 0.1132, 0.1725],
        [0.5813, 0.1021, 0.0930, 0.1314, 0.0923]], device='mps:0')
tensor([4., 0., 0., 0., 0., 4., 3., 0., 1., 0., 0., 0., 3., 0., 1., 0.])
completed batch 50
tensor([[0.3475, 0.1715, 0.1622, 0.1192, 0.1997],
        [0.3627, 0.1458, 0.1344, 0.1609, 0.1962],
        [0.5361, 0.1262, 0.1033, 0.1187, 0.1157],
        [0.6109, 0.1068, 0.0699, 0.1076, 0.1048],
        [0.0534, 0.4907, 0.1041, 0.1716, 0.1802],
        [0.0618, 0.3758, 0.1409, 0.1888, 0.2327],
        [0.3695, 0.1167, 0.1783, 0.1883, 0.1472],
        [0.0332, 0.4400, 0.2760, 0.0953, 0.1555],
        [0.0664, 0.4493, 0.2129, 0.1587, 0.1127],
        [0.7129, 0.0547, 0.0792, 0.0711, 0.0822],
        [0.2062, 0.3874, 0.1430, 0.1219, 0.1416],
        [0.0261, 0.6331, 0.0688, 0.1077, 0.1643],
        [0.5882, 0.0928, 0.0790, 0.1231, 0.1169],
        [0.4484, 0.2020, 0.1296, 0.1139, 0.1061],
        [0.1185, 0.4086, 0.2058, 0.1381, 0.1290],
        [0.0943, 0.4935, 0.1109, 0.1696, 0.1317]], device='mps:0')
tensor([0., 0., 0., 0., 0., 0., 0., 0., 0., 0., 0., 3., 0., 0., 0., 0.])
completed batch 60
tensor([[0.4916, 0.1677, 0.1115, 0.1281, 0.1011],
        [0.1893, 0.1830, 0.1948, 0.2655, 0.1673],
        [0.0718, 0.4916, 0.1386, 0.1661, 0.1320],
        [0.0606, 0.2124, 0.2686, 0.1892, 0.2691],
        [0.2377, 0.4464, 0.0885, 0.1104, 0.1170],
        [0.0193, 0.7557, 0.0649, 0.0815, 0.0786],
        [0.2085, 0.1754, 0.2682, 0.1531, 0.1948],
        [0.6848, 0.0762, 0.0786, 0.0850, 0.0753],
        [0.3722, 0.2211, 0.1287, 0.1665, 0.1115],
        [0.0522, 0.5427, 0.1074, 0.1154, 0.1823],
        [0.0407, 0.1172, 0.2031, 0.2562, 0.3828],
        [0.0891, 0.4797, 0.2216, 0.1176, 0.0920],
        [0.0853, 0.1964, 0.2478, 0.2001, 0.2704],
        [0.7418, 0.0494, 0.0519, 0.0831, 0.0738],
        [0.5716, 0.1056, 0.0870, 0.1501, 0.0856],
        [0.6086, 0.0805, 0.1118, 0.0947, 0.1044]], device='mps:0')
tensor([0., 0., 1., 0., 0., 4., 0., 0., 0., 0., 3., 0., 0., 0., 0., 0.])
completed batch 70
tensor([[0.0184, 0.6423, 0.0582, 0.1408, 0.1403],
        [0.2526, 0.2164, 0.1395, 0.1526, 0.2388],
        [0.6344, 0.1014, 0.0650, 0.1052, 0.0940],
        [0.5970, 0.0841, 0.0891, 0.1138, 0.1160],
        [0.3638, 0.0606, 0.2778, 0.1257, 0.1721],
        [0.4945, 0.1389, 0.0731, 0.1135, 0.1800],
        [0.6584, 0.1045, 0.0683, 0.1023, 0.0665],
        [0.5300, 0.1179, 0.1070, 0.1075, 0.1376],
        [0.6646, 0.0894, 0.0796, 0.0817, 0.0847],
        [0.3172, 0.2559, 0.1507, 0.1565, 0.1197],
        [0.1874, 0.2159, 0.1999, 0.1688, 0.2279],
        [0.6993, 0.0804, 0.0559, 0.0626, 0.1018],
        [0.0325, 0.7106, 0.0733, 0.1035, 0.0801],
        [0.0222, 0.2152, 0.1648, 0.1627, 0.4351],
        [0.4941, 0.1147, 0.1330, 0.1194, 0.1388],
        [0.0161, 0.0749, 0.6002, 0.2163, 0.0926]], device='mps:0')
tensor([0., 0., 0., 3., 0., 0., 0., 0., 0., 0., 0., 0., 1., 0., 0., 0.])
completed batch 80
tensor([[0.0277, 0.0965, 0.2905, 0.2429, 0.3424],
        [0.4266, 0.1239, 0.1344, 0.1397, 0.1755],
        [0.3341, 0.1915, 0.1115, 0.1960, 0.1668],
        [0.2404, 0.2596, 0.2177, 0.1404, 0.1419],
        [0.3701, 0.1387, 0.1573, 0.1663, 0.1677],
        [0.5417, 0.0928, 0.1087, 0.1284, 0.1285],
        [0.6486, 0.0544, 0.0728, 0.0648, 0.1594],
        [0.5372, 0.1080, 0.0872, 0.1151, 0.1524],
        [0.0603, 0.3012, 0.1356, 0.1822, 0.3208],
        [0.1015, 0.1570, 0.2818, 0.1548, 0.3048],
        [0.0498, 0.2380, 0.2467, 0.2685, 0.1971],
        [0.7310, 0.0764, 0.0758, 0.0565, 0.0602],
        [0.5200, 0.1678, 0.1059, 0.1046, 0.1018],
        [0.2632, 0.2973, 0.0781, 0.1321, 0.2293],
        [0.0295, 0.4766, 0.1526, 0.1720, 0.1692],
        [0.6937, 0.0518, 0.0690, 0.1050, 0.0806]], device='mps:0')
tensor([0., 0., 0., 0., 0., 0., 0., 0., 0., 0., 0., 0., 4., 0., 4., 1.])
completed batch 90
tensor([[0.0444, 0.4472, 0.1347, 0.1458, 0.2278],
        [0.1069, 0.4482, 0.1912, 0.1160, 0.1378],
        [0.5918, 0.1150, 0.0922, 0.1093, 0.0918],
        [0.5350, 0.1161, 0.1282, 0.1322, 0.0884],
        [0.4107, 0.1734, 0.1519, 0.1048, 0.1592],
        [0.5064, 0.1324, 0.0963, 0.1156, 0.1493],
        [0.4283, 0.1501, 0.1290, 0.1405, 0.1522],
        [0.6768, 0.0698, 0.0511, 0.0952, 0.1071],
        [0.0752, 0.5316, 0.1049, 0.1634, 0.1250],
        [0.1672, 0.4471, 0.0881, 0.1580, 0.1397],
        [0.6464, 0.0825, 0.0806, 0.0935, 0.0969],
        [0.6051, 0.0962, 0.1030, 0.1029, 0.0927],
        [0.4702, 0.1805, 0.1446, 0.1030, 0.1017],
        [0.5453, 0.0936, 0.1112, 0.1129, 0.1370],
        [0.5753, 0.1415, 0.1122, 0.0992, 0.0717],
        [0.2213, 0.1819, 0.2233, 0.1173, 0.2562]], device='mps:0')
tensor([1., 0., 0., 0., 0., 0., 0., 0., 1., 0., 0., 2., 0., 0., 0., 0.])
completed batch 100
tensor([[0.0598, 0.2361, 0.2009, 0.1968, 0.3063],
        [0.6702, 0.0868, 0.0769, 0.0811, 0.0851],
        [0.2525, 0.2888, 0.1490, 0.1743, 0.1353],
        [0.2767, 0.2062, 0.1558, 0.1328, 0.2287],
        [0.6253, 0.0771, 0.0656, 0.1160, 0.1160],
        [0.6084, 0.0950, 0.0991, 0.1132, 0.0844],
        [0.6677, 0.0934, 0.0489, 0.0700, 0.1200],
        [0.5886, 0.1059, 0.0846, 0.1266, 0.0944],
        [0.0048, 0.0064, 0.1081, 0.3646, 0.5160],
        [0.5056, 0.1094, 0.0998, 0.1132, 0.1720],
        [0.4866, 0.2791, 0.0645, 0.1133, 0.0565],
        [0.1673, 0.1770, 0.2098, 0.2325, 0.2133],
        [0.5727, 0.1072, 0.1053, 0.1252, 0.0897],
        [0.0382, 0.6955, 0.0768, 0.0841, 0.1054],
        [0.2630, 0.2227, 0.1857, 0.1927, 0.1359],
        [0.1540, 0.2335, 0.1356, 0.1865, 0.2904]], device='mps:0')
tensor([4., 0., 0., 0., 0., 0., 0., 0., 0., 0., 0., 0., 0., 3., 0., 0.])
completed batch 110
tensor([[0.5446, 0.0915, 0.1093, 0.1087, 0.1459],
        [0.0098, 0.0128, 0.1072, 0.5166, 0.3535],
        [0.5682, 0.1277, 0.0913, 0.1100, 0.1028],
        [0.1341, 0.3855, 0.1644, 0.1861, 0.1300],
        [0.5915, 0.1293, 0.0638, 0.1033, 0.1121],
        [0.4166, 0.2212, 0.0764, 0.1742, 0.1116],
        [0.6339, 0.0864, 0.0775, 0.1067, 0.0955],
        [0.3459, 0.1189, 0.2189, 0.1271, 0.1892],
        [0.4619, 0.1148, 0.1174, 0.1056, 0.2003],
        [0.1248, 0.3662, 0.1316, 0.1422, 0.2352],
        [0.0227, 0.0948, 0.2125, 0.4030, 0.2670],
        [0.6659, 0.0835, 0.0583, 0.0802, 0.1121],
        [0.6573, 0.0890, 0.0790, 0.0960, 0.0786],
        [0.0325, 0.6408, 0.0681, 0.0849, 0.1737],
        [0.2825, 0.2238, 0.1840, 0.1639, 0.1459],
        [0.6552, 0.0771, 0.1001, 0.0986, 0.0690]], device='mps:0')
tensor([0., 0., 0., 0., 0., 0., 0., 0., 0., 0., 0., 0., 0., 3., 0., 0.])
completed batch 120
tensor([[0.0452, 0.5156, 0.0796, 0.2131, 0.1465],
        [0.6747, 0.0930, 0.0719, 0.0524, 0.1080],
        [0.4607, 0.1516, 0.1254, 0.1017, 0.1607],
        [0.5277, 0.1237, 0.0960, 0.1202, 0.1324],
        [0.4009, 0.1795, 0.1469, 0.1396, 0.1331],
        [0.0979, 0.4369, 0.1112, 0.1922, 0.1618],
        [0.1763, 0.3597, 0.2187, 0.1217, 0.1236],
        [0.1287, 0.5334, 0.0948, 0.1094, 0.1337],
        [0.5443, 0.1315, 0.1280, 0.1029, 0.0933],
        [0.3855, 0.1624, 0.1641, 0.1354, 0.1526],
        [0.6418, 0.0861, 0.0763, 0.0930, 0.1027],
        [0.2658, 0.1278, 0.2291, 0.1615, 0.2158],
        [0.5847, 0.1214, 0.0977, 0.1064, 0.0898],
        [0.0086, 0.0183, 0.5949, 0.3071, 0.0711],
        [0.2707, 0.1475, 0.1667, 0.1906, 0.2245],
        [0.2556, 0.2077, 0.1794, 0.1609, 0.1963]], device='mps:0')
tensor([0., 0., 0., 0., 1., 0., 1., 0., 0., 4., 1., 1., 4., 4., 1., 0.])
completed batch 130
Evaluation finished!

[[1622  271]
 [ 156   43]]
              precision    recall  f1-score   support

       False       0.91      0.86      0.88      1893
        True       0.14      0.22      0.17       199

    accuracy                           0.80      2092
   macro avg       0.52      0.54      0.53      2092
weighted avg       0.84      0.80      0.82      2092
