INFO:httpx:HTTP Request: HEAD https://huggingface.co/FacebookAI/roberta-base/resolve/main/config.json "HTTP/1.1 307 Temporary Redirect"
INFO:httpx:HTTP Request: HEAD https://huggingface.co/api/resolve-cache/models/FacebookAI/roberta-base/e2da8e2f811d1448a5b465c236feacd80ffbac7b/config.json "HTTP/1.1 200 OK"
INFO:httpx:HTTP Request: HEAD https://huggingface.co/FacebookAI/roberta-base/resolve/main/model.safetensors "HTTP/1.1 302 Found"
Loading weights: 100%|██████████| 197/197 [00:00<00:00, 1846.72it/s, Materializing param=encoder.layer.11.output.dense.weight]              
RobertaModel LOAD REPORT from: FacebookAI/roberta-base
Key                             | Status     | 
--------------------------------+------------+-
roberta.embeddings.position_ids | UNEXPECTED | 
lm_head.dense.weight            | UNEXPECTED | 
lm_head.dense.bias              | UNEXPECTED | 
lm_head.layer_norm.weight       | UNEXPECTED | 
lm_head.bias                    | UNEXPECTED | 
lm_head.layer_norm.bias         | UNEXPECTED | 
pooler.dense.bias               | MISSING    | 
pooler.dense.weight             | MISSING    | 

Notes:
- UNEXPECTED	:can be ignored when loading from different task/architecture; not ok if you expect identical arch.
- MISSING	:those params were newly initialized because missing from the checkpoint. Consider training on your downstream task.
tensor([[0.2002, 0.3289, 0.1647, 0.1618, 0.1444],
        [0.4160, 0.1117, 0.1146, 0.1647, 0.1931],
        [0.5132, 0.1287, 0.1080, 0.1184, 0.1317],
        [0.2641, 0.1832, 0.2530, 0.1465, 0.1532],
        [0.2135, 0.1511, 0.1840, 0.2731, 0.1783],
        [0.6084, 0.1190, 0.1091, 0.0917, 0.0718],
        [0.6163, 0.0788, 0.0876, 0.1033, 0.1139],
        [0.0017, 0.0016, 0.0648, 0.2597, 0.6722],
        [0.0116, 0.0163, 0.6417, 0.1586, 0.1718],
        [0.5121, 0.0924, 0.1403, 0.1224, 0.1329],
        [0.0728, 0.6021, 0.1181, 0.1066, 0.1004],
        [0.5943, 0.0969, 0.0961, 0.1045, 0.1081],
        [0.2086, 0.3069, 0.2012, 0.1362, 0.1471],
        [0.2269, 0.2920, 0.1437, 0.1931, 0.1443],
        [0.5258, 0.1571, 0.1285, 0.1007, 0.0879],
        [0.0132, 0.0239, 0.6463, 0.1933, 0.1232]], device='mps:0')
tensor([0., 0., 0., 0., 1., 0., 0., 0., 0., 0., 0., 0., 0., 3., 4., 0.])
completed batch 10
tensor([[0.0613, 0.5761, 0.1111, 0.1179, 0.1337],
        [0.6570, 0.0793, 0.0789, 0.1020, 0.0828],
        [0.0620, 0.5292, 0.1346, 0.1457, 0.1285],
        [0.5907, 0.0900, 0.0884, 0.1257, 0.1052],
        [0.1501, 0.4128, 0.2030, 0.1236, 0.1105],
        [0.7472, 0.0760, 0.0571, 0.0559, 0.0638],
        [0.0427, 0.6076, 0.1166, 0.0788, 0.1543],
        [0.0122, 0.0194, 0.7574, 0.1117, 0.0995],
        [0.5795, 0.1027, 0.0987, 0.0927, 0.1265],
        [0.5151, 0.1086, 0.1284, 0.1427, 0.1051],
        [0.5531, 0.0962, 0.1098, 0.0780, 0.1628],
        [0.5312, 0.1133, 0.0906, 0.1054, 0.1594],
        [0.7053, 0.0568, 0.0727, 0.0768, 0.0884],
        [0.4368, 0.1258, 0.1436, 0.1703, 0.1235],
        [0.5995, 0.0899, 0.1203, 0.1007, 0.0895],
        [0.1085, 0.1595, 0.1757, 0.2957, 0.2606]], device='mps:0')
tensor([0., 0., 4., 0., 0., 0., 0., 0., 0., 0., 0., 0., 0., 0., 0., 1.])
completed batch 20
tensor([[0.5570, 0.1261, 0.0940, 0.1143, 0.1085],
        [0.2146, 0.2982, 0.1727, 0.1571, 0.1573],
        [0.0804, 0.2463, 0.2136, 0.2459, 0.2139],
        [0.0375, 0.3175, 0.3647, 0.1698, 0.1104],
        [0.5859, 0.1228, 0.1002, 0.0736, 0.1176],
        [0.5719, 0.1108, 0.0891, 0.1015, 0.1268],
        [0.0545, 0.6631, 0.0800, 0.0994, 0.1031],
        [0.5894, 0.0802, 0.1030, 0.1189, 0.1085],
        [0.0509, 0.5599, 0.1045, 0.1395, 0.1451],
        [0.0072, 0.0097, 0.7256, 0.1318, 0.1257],
        [0.6378, 0.1068, 0.0752, 0.0880, 0.0922],
        [0.0440, 0.5931, 0.1116, 0.1042, 0.1471],
        [0.5702, 0.1075, 0.0986, 0.0841, 0.1396],
        [0.0735, 0.5953, 0.1424, 0.0858, 0.1030],
        [0.3362, 0.1788, 0.1555, 0.1786, 0.1510],
        [0.0444, 0.2726, 0.4173, 0.1533, 0.1124]], device='mps:0')
tensor([0., 0., 0., 0., 0., 0., 0., 1., 0., 0., 0., 0., 0., 1., 0., 3.])
completed batch 30
tensor([[0.0571, 0.2451, 0.3750, 0.1610, 0.1617],
        [0.6355, 0.0949, 0.0635, 0.0945, 0.1115],
        [0.2869, 0.1533, 0.2146, 0.1625, 0.1827],
        [0.6249, 0.0958, 0.0691, 0.1023, 0.1078],
        [0.6028, 0.0774, 0.1030, 0.1151, 0.1017],
        [0.5951, 0.0655, 0.1006, 0.1133, 0.1255],
        [0.6540, 0.0932, 0.0729, 0.0831, 0.0969],
        [0.5498, 0.1118, 0.1054, 0.1209, 0.1120],
        [0.6426, 0.0929, 0.1059, 0.0802, 0.0785],
        [0.6070, 0.1073, 0.0842, 0.0892, 0.1122],
        [0.2727, 0.1877, 0.2226, 0.1883, 0.1287],
        [0.0295, 0.1181, 0.3638, 0.2706, 0.2179],
        [0.6020, 0.0714, 0.1002, 0.1191, 0.1073],
        [0.5660, 0.0926, 0.1171, 0.1247, 0.0996],
        [0.6273, 0.0726, 0.0795, 0.1064, 0.1142],
        [0.0396, 0.6491, 0.1084, 0.0868, 0.1162]], device='mps:0')
tensor([3., 0., 4., 0., 0., 0., 0., 0., 0., 0., 0., 0., 0., 3., 0., 0.])
completed batch 40
tensor([[0.5518, 0.1221, 0.1093, 0.0984, 0.1185],
        [0.0475, 0.6678, 0.0969, 0.0941, 0.0937],
        [0.3271, 0.2388, 0.1513, 0.1375, 0.1453],
        [0.0582, 0.5927, 0.1099, 0.1330, 0.1063],
        [0.5894, 0.1005, 0.1026, 0.1018, 0.1056],
        [0.6021, 0.0921, 0.1041, 0.1017, 0.1001],
        [0.5697, 0.1409, 0.0872, 0.1360, 0.0663],
        [0.1008, 0.5346, 0.1269, 0.1371, 0.1006],
        [0.6296, 0.0893, 0.0825, 0.1040, 0.0946],
        [0.5594, 0.1119, 0.1109, 0.1096, 0.1083],
        [0.0556, 0.5314, 0.1412, 0.1045, 0.1674],
        [0.3071, 0.2149, 0.1535, 0.1446, 0.1799],
        [0.0838, 0.5482, 0.1058, 0.1097, 0.1525],
        [0.3386, 0.1101, 0.1476, 0.2537, 0.1500],
        [0.0685, 0.6732, 0.1034, 0.0922, 0.0627],
        [0.3332, 0.2218, 0.1599, 0.1729, 0.1123]], device='mps:0')
tensor([4., 0., 0., 0., 0., 4., 3., 0., 1., 0., 0., 0., 3., 0., 1., 0.])
completed batch 50
tensor([[0.4531, 0.1801, 0.1142, 0.1364, 0.1162],
        [0.1463, 0.4191, 0.1520, 0.1416, 0.1410],
        [0.6903, 0.0971, 0.0598, 0.0801, 0.0727],
        [0.5953, 0.0974, 0.1009, 0.1092, 0.0972],
        [0.2867, 0.2040, 0.1572, 0.1859, 0.1663],
        [0.5178, 0.0985, 0.1467, 0.1191, 0.1179],
        [0.1791, 0.4156, 0.1396, 0.1584, 0.1073],
        [0.0237, 0.0471, 0.7310, 0.1065, 0.0917],
        [0.0607, 0.5638, 0.1145, 0.1367, 0.1243],
        [0.5826, 0.1049, 0.0930, 0.0989, 0.1206],
        [0.1049, 0.4788, 0.1452, 0.1263, 0.1448],
        [0.0525, 0.4714, 0.1991, 0.1602, 0.1168],
        [0.5848, 0.0858, 0.0977, 0.0929, 0.1388],
        [0.0416, 0.0848, 0.3776, 0.2663, 0.2297],
        [0.5654, 0.1033, 0.1029, 0.1082, 0.1201],
        [0.0088, 0.0124, 0.4832, 0.2713, 0.2243]], device='mps:0')
tensor([0., 0., 0., 0., 0., 0., 0., 0., 0., 0., 0., 3., 0., 0., 0., 0.])
completed batch 60
tensor([[0.6524, 0.0763, 0.0764, 0.0907, 0.1042],
        [0.2950, 0.2414, 0.1520, 0.1692, 0.1424],
        [0.5548, 0.0927, 0.1015, 0.1239, 0.1271],
        [0.0294, 0.0939, 0.3184, 0.3157, 0.2426],
        [0.1634, 0.3511, 0.1756, 0.1807, 0.1292],
        [0.1313, 0.1735, 0.2356, 0.2567, 0.2029],
        [0.5451, 0.0841, 0.1045, 0.1249, 0.1414],
        [0.6786, 0.0899, 0.0643, 0.0798, 0.0874],
        [0.4233, 0.1562, 0.1381, 0.1415, 0.1409],
        [0.4749, 0.1085, 0.1336, 0.1551, 0.1279],
        [0.2647, 0.1190, 0.2033, 0.1938, 0.2192],
        [0.0266, 0.0833, 0.5256, 0.1879, 0.1766],
        [0.3425, 0.1507, 0.1540, 0.1519, 0.2009],
        [0.5830, 0.1091, 0.0825, 0.1026, 0.1228],
        [0.2306, 0.2974, 0.2134, 0.1345, 0.1240],
        [0.5984, 0.0940, 0.0751, 0.1029, 0.1296]], device='mps:0')
tensor([0., 0., 1., 0., 0., 4., 0., 0., 0., 0., 3., 0., 0., 0., 0., 0.])
completed batch 70
tensor([[0.5694, 0.0973, 0.1038, 0.1003, 0.1293],
        [0.6080, 0.0747, 0.0885, 0.1050, 0.1239],
        [0.6372, 0.0978, 0.0667, 0.0948, 0.1035],
        [0.0475, 0.6382, 0.1054, 0.0925, 0.1165],
        [0.1253, 0.3953, 0.1705, 0.1533, 0.1556],
        [0.6068, 0.0901, 0.0830, 0.0826, 0.1374],
        [0.5853, 0.0950, 0.1000, 0.1017, 0.1181],
        [0.5734, 0.1233, 0.0821, 0.1002, 0.1210],
        [0.0953, 0.5047, 0.1247, 0.1492, 0.1260],
        [0.4710, 0.1106, 0.1200, 0.1421, 0.1563],
        [0.6047, 0.0926, 0.0863, 0.0879, 0.1285],
        [0.5275, 0.1080, 0.1148, 0.1278, 0.1218],
        [0.4194, 0.2057, 0.1196, 0.1413, 0.1141],
        [0.0285, 0.1621, 0.1272, 0.2945, 0.3877],
        [0.4768, 0.1493, 0.1257, 0.1178, 0.1304],
        [0.0509, 0.5320, 0.1145, 0.1389, 0.1638]], device='mps:0')
tensor([0., 0., 0., 3., 0., 0., 0., 0., 0., 0., 0., 0., 1., 0., 0., 0.])
completed batch 80
tensor([[0.0222, 0.1279, 0.1545, 0.3119, 0.3835],
        [0.0533, 0.3484, 0.1979, 0.1386, 0.2618],
        [0.6403, 0.0943, 0.0808, 0.1004, 0.0841],
        [0.6203, 0.0927, 0.0877, 0.0994, 0.0999],
        [0.4034, 0.1404, 0.1335, 0.1475, 0.1752],
        [0.5473, 0.1171, 0.1019, 0.1137, 0.1199],
        [0.5954, 0.0975, 0.0889, 0.0831, 0.1351],
        [0.4859, 0.1079, 0.1264, 0.1304, 0.1494],
        [0.6324, 0.0733, 0.0958, 0.0862, 0.1124],
        [0.0549, 0.2150, 0.1578, 0.2288, 0.3435],
        [0.0349, 0.4667, 0.1393, 0.1618, 0.1973],
        [0.6980, 0.0573, 0.0789, 0.0817, 0.0841],
        [0.6615, 0.0782, 0.0718, 0.1067, 0.0818],
        [0.5468, 0.1341, 0.1406, 0.0662, 0.1122],
        [0.0967, 0.3497, 0.1890, 0.1772, 0.1875],
        [0.6249, 0.0733, 0.0943, 0.1027, 0.1048]], device='mps:0')
tensor([0., 0., 0., 0., 0., 0., 0., 0., 0., 0., 0., 0., 4., 0., 4., 1.])
completed batch 90
tensor([[0.4844, 0.1306, 0.1331, 0.1415, 0.1104],
        [0.3355, 0.2617, 0.1761, 0.1191, 0.1077],
        [0.0432, 0.2366, 0.4078, 0.1841, 0.1284],
        [0.4029, 0.1449, 0.1342, 0.1611, 0.1570],
        [0.4848, 0.1247, 0.1512, 0.1008, 0.1385],
        [0.5655, 0.1231, 0.1128, 0.0986, 0.0999],
        [0.5403, 0.1235, 0.0920, 0.1072, 0.1371],
        [0.6013, 0.0867, 0.1152, 0.0976, 0.0992],
        [0.4457, 0.1398, 0.1213, 0.1418, 0.1513],
        [0.4353, 0.1554, 0.1604, 0.1589, 0.0901],
        [0.6881, 0.0747, 0.0657, 0.0689, 0.1026],
        [0.0615, 0.6649, 0.0990, 0.0625, 0.1121],
        [0.0641, 0.6136, 0.1053, 0.0887, 0.1283],
        [0.6298, 0.1101, 0.0942, 0.0817, 0.0842],
        [0.5473, 0.1235, 0.1148, 0.1084, 0.1060],
        [0.1977, 0.3670, 0.1781, 0.1583, 0.0989]], device='mps:0')
tensor([1., 0., 0., 0., 0., 0., 0., 0., 1., 0., 0., 2., 0., 0., 0., 0.])
completed batch 100
tensor([[0.5826, 0.0991, 0.0786, 0.1008, 0.1389],
        [0.2250, 0.3661, 0.1966, 0.0989, 0.1134],
        [0.6376, 0.0716, 0.0888, 0.1079, 0.0941],
        [0.5755, 0.0722, 0.1075, 0.0789, 0.1658],
        [0.5427, 0.0891, 0.1037, 0.1193, 0.1452],
        [0.5956, 0.0941, 0.0845, 0.1115, 0.1143],
        [0.6214, 0.1002, 0.0898, 0.0914, 0.0972],
        [0.5553, 0.0932, 0.1266, 0.1212, 0.1037],
        [0.0542, 0.5138, 0.0991, 0.1807, 0.1521],
        [0.5334, 0.1062, 0.1278, 0.1082, 0.1245],
        [0.6519, 0.0921, 0.0726, 0.1024, 0.0810],
        [0.0554, 0.5020, 0.1647, 0.1289, 0.1490],
        [0.4965, 0.1414, 0.1041, 0.1217, 0.1362],
        [0.0592, 0.4374, 0.1907, 0.1618, 0.1509],
        [0.5753, 0.1005, 0.0837, 0.1079, 0.1326],
        [0.5743, 0.1128, 0.0915, 0.0965, 0.1249]], device='mps:0')
tensor([4., 0., 0., 0., 0., 0., 0., 0., 0., 0., 0., 0., 0., 3., 0., 0.])
completed batch 110
tensor([[0.5001, 0.1077, 0.1218, 0.1402, 0.1302],
        [0.0558, 0.3464, 0.1920, 0.2471, 0.1587],
        [0.5916, 0.1021, 0.0903, 0.1003, 0.1157],
        [0.4217, 0.2026, 0.1113, 0.1414, 0.1229],
        [0.2852, 0.1356, 0.1997, 0.2041, 0.1754],
        [0.6360, 0.1005, 0.0942, 0.0740, 0.0953],
        [0.5834, 0.1094, 0.0906, 0.0782, 0.1384],
        [0.5978, 0.1038, 0.0806, 0.1022, 0.1155],
        [0.5016, 0.1030, 0.1666, 0.1045, 0.1243],
        [0.5853, 0.1183, 0.0940, 0.0957, 0.1067],
        [0.0513, 0.5861, 0.1233, 0.0971, 0.1422],
        [0.6221, 0.1026, 0.0746, 0.1005, 0.1003],
        [0.0636, 0.5428, 0.1447, 0.1171, 0.1317],
        [0.0466, 0.6129, 0.1189, 0.1124, 0.1092],
        [0.2057, 0.3683, 0.1666, 0.1301, 0.1292],
        [0.0510, 0.6077, 0.0942, 0.1082, 0.1389]], device='mps:0')
tensor([0., 0., 0., 0., 0., 0., 0., 0., 0., 0., 0., 0., 0., 3., 0., 0.])
completed batch 120
tensor([[0.2409, 0.2061, 0.1792, 0.1916, 0.1822],
        [0.6440, 0.0715, 0.0853, 0.0879, 0.1112],
        [0.5996, 0.1154, 0.0724, 0.1051, 0.1074],
        [0.1951, 0.2698, 0.2218, 0.1460, 0.1673],
        [0.5717, 0.1053, 0.1194, 0.0847, 0.1189],
        [0.1749, 0.3965, 0.1650, 0.1218, 0.1419],
        [0.0954, 0.4190, 0.1472, 0.1565, 0.1819],
        [0.0054, 0.0081, 0.7566, 0.1127, 0.1172],
        [0.6723, 0.0786, 0.0730, 0.0830, 0.0931],
        [0.0451, 0.6789, 0.1042, 0.0821, 0.0895],
        [0.0357, 0.2627, 0.3319, 0.2160, 0.1537],
        [0.6082, 0.0840, 0.0912, 0.0958, 0.1208],
        [0.4396, 0.1656, 0.1489, 0.1361, 0.1098],
        [0.0487, 0.5790, 0.1136, 0.1306, 0.1281],
        [0.5872, 0.0829, 0.0998, 0.0868, 0.1433],
        [0.0408, 0.5741, 0.1439, 0.1084, 0.1328]], device='mps:0')
tensor([0., 0., 0., 0., 1., 0., 1., 0., 0., 4., 1., 1., 4., 4., 1., 0.])
completed batch 130
Evaluation finished!

[[1668  225]
 [ 171   28]]
              precision    recall  f1-score   support

       False       0.91      0.88      0.89      1893
        True       0.11      0.14      0.12       199

    accuracy                           0.81      2092
   macro avg       0.51      0.51      0.51      2092
weighted avg       0.83      0.81      0.82      2092
