INFO:httpx:HTTP Request: HEAD https://huggingface.co/FacebookAI/roberta-base/resolve/main/config.json "HTTP/1.1 307 Temporary Redirect"
INFO:httpx:HTTP Request: HEAD https://huggingface.co/api/resolve-cache/models/FacebookAI/roberta-base/e2da8e2f811d1448a5b465c236feacd80ffbac7b/config.json "HTTP/1.1 200 OK"
INFO:httpx:HTTP Request: HEAD https://huggingface.co/FacebookAI/roberta-base/resolve/main/model.safetensors "HTTP/1.1 302 Found"
Loading weights: 100%|██████████| 197/197 [00:00<00:00, 2100.08it/s, Materializing param=encoder.layer.11.output.dense.weight]              
RobertaModel LOAD REPORT from: FacebookAI/roberta-base
Key                             | Status     | 
--------------------------------+------------+-
roberta.embeddings.position_ids | UNEXPECTED | 
lm_head.dense.weight            | UNEXPECTED | 
lm_head.dense.bias              | UNEXPECTED | 
lm_head.layer_norm.weight       | UNEXPECTED | 
lm_head.bias                    | UNEXPECTED | 
lm_head.layer_norm.bias         | UNEXPECTED | 
pooler.dense.bias               | MISSING    | 
pooler.dense.weight             | MISSING    | 

Notes:
- UNEXPECTED	:can be ignored when loading from different task/architecture; not ok if you expect identical arch.
- MISSING	:those params were newly initialized because missing from the checkpoint. Consider training on your downstream task.
/Users/kaiwang/Desktop/SchoolStuff/IC/Year3/60035NaturalLanguageProcessing/CW/.venv/lib/python3.13/site-packages/torch/nn/modules/module.py:1776: UserWarning: Implicit dimension choice for softmax has been deprecated. Change the call to include dim=X as an argument.
  return self._call_impl(*args, **kwargs)
tensor([[0.6118, 0.1009, 0.0844, 0.0984, 0.1045],
        [0.0531, 0.3572, 0.2674, 0.1660, 0.1564],
        [0.0461, 0.6166, 0.1138, 0.1165, 0.1070],
        [0.0113, 0.0221, 0.3683, 0.4807, 0.1176],
        [0.0489, 0.6032, 0.1136, 0.1236, 0.1107],
        [0.6051, 0.1029, 0.0881, 0.0979, 0.1060],
        [0.6059, 0.1050, 0.0861, 0.0969, 0.1060],
        [0.6024, 0.1027, 0.0879, 0.0995, 0.1075],
        [0.6064, 0.1021, 0.0868, 0.1005, 0.1043],
        [0.0134, 0.0246, 0.6647, 0.2051, 0.0922],
        [0.1657, 0.4326, 0.1314, 0.1342, 0.1361],
        [0.5442, 0.1275, 0.0972, 0.1115, 0.1196],
        [0.0334, 0.1120, 0.5176, 0.1873, 0.1497],
        [0.0094, 0.0203, 0.1374, 0.7231, 0.1098],
        [0.6075, 0.1025, 0.0859, 0.0982, 0.1058],
        [0.0490, 0.4845, 0.1921, 0.1438, 0.1307]], device='mps:0')
tensor([1., 0., 1., 1., 0., 0., 0., 0., 0., 1., 3., 0., 4., 0., 0., 0.])
completed batch 10
tensor([[0.6061, 0.1042, 0.0849, 0.1000, 0.1049],
        [0.6089, 0.0968, 0.0889, 0.1031, 0.1023],
        [0.3104, 0.2863, 0.1280, 0.1363, 0.1391],
        [0.0189, 0.0400, 0.6598, 0.1684, 0.1129],
        [0.0496, 0.5586, 0.1339, 0.1330, 0.1250],
        [0.0496, 0.6083, 0.1152, 0.1189, 0.1080],
        [0.0153, 0.0281, 0.5017, 0.3434, 0.1116],
        [0.0117, 0.0179, 0.5949, 0.2834, 0.0921],
        [0.0146, 0.0246, 0.5693, 0.2797, 0.1117],
        [0.0127, 0.0222, 0.7126, 0.1679, 0.0846],
        [0.0192, 0.0385, 0.6765, 0.1595, 0.1063],
        [0.6037, 0.1043, 0.0875, 0.0983, 0.1062],
        [0.0491, 0.6172, 0.1056, 0.1161, 0.1120],
        [0.6109, 0.0967, 0.0898, 0.0993, 0.1033],
        [0.6028, 0.0990, 0.0906, 0.1026, 0.1050],
        [0.4834, 0.1599, 0.1068, 0.1231, 0.1269]], device='mps:0')
tensor([0., 0., 4., 1., 0., 0., 1., 0., 3., 0., 0., 0., 0., 0., 0., 0.])
completed batch 20
tensor([[0.0465, 0.5721, 0.1405, 0.1260, 0.1149],
        [0.6101, 0.0959, 0.0902, 0.0999, 0.1039],
        [0.0472, 0.6187, 0.1042, 0.1188, 0.1111],
        [0.0472, 0.6124, 0.1103, 0.1222, 0.1079],
        [0.0462, 0.6107, 0.1115, 0.1206, 0.1110],
        [0.0480, 0.6146, 0.1081, 0.1147, 0.1146],
        [0.6072, 0.0996, 0.0866, 0.1009, 0.1057],
        [0.6079, 0.1015, 0.0859, 0.0981, 0.1066],
        [0.5851, 0.1065, 0.0933, 0.1039, 0.1113],
        [0.6146, 0.1007, 0.0845, 0.0956, 0.1046],
        [0.0121, 0.0218, 0.0452, 0.6058, 0.3151],
        [0.5063, 0.1446, 0.1024, 0.1214, 0.1254],
        [0.6097, 0.1023, 0.0853, 0.0961, 0.1066],
        [0.6169, 0.0943, 0.0866, 0.1015, 0.1007],
        [0.6069, 0.1016, 0.0862, 0.0995, 0.1058],
        [0.4998, 0.1535, 0.1039, 0.1179, 0.1250]], device='mps:0')
tensor([0., 0., 0., 0., 0., 0., 0., 0., 0., 0., 0., 0., 0., 0., 0., 0.])
completed batch 30
tensor([[0.0511, 0.6183, 0.1103, 0.1141, 0.1062],
        [0.6129, 0.1025, 0.0847, 0.0949, 0.1049],
        [0.4916, 0.1545, 0.1078, 0.1201, 0.1259],
        [0.6045, 0.1034, 0.0875, 0.0993, 0.1053],
        [0.0468, 0.6121, 0.1144, 0.1173, 0.1093],
        [0.6071, 0.1059, 0.0843, 0.0978, 0.1049],
        [0.0472, 0.6213, 0.1126, 0.1139, 0.1049],
        [0.5568, 0.1183, 0.0971, 0.1124, 0.1155],
        [0.0637, 0.5964, 0.1135, 0.1147, 0.1116],
        [0.6354, 0.0876, 0.0824, 0.0956, 0.0989],
        [0.0631, 0.5817, 0.1190, 0.1208, 0.1153],
        [0.0475, 0.5442, 0.1408, 0.1372, 0.1302],
        [0.0487, 0.5535, 0.1398, 0.1241, 0.1339],
        [0.1789, 0.4188, 0.1288, 0.1399, 0.1336],
        [0.4079, 0.2124, 0.1144, 0.1300, 0.1353],
        [0.0460, 0.6164, 0.1129, 0.1187, 0.1060]], device='mps:0')
tensor([0., 0., 0., 0., 0., 0., 0., 0., 0., 0., 0., 0., 0., 0., 0., 0.])
completed batch 40
tensor([[0.0478, 0.6093, 0.1103, 0.1231, 0.1094],
        [0.6132, 0.1002, 0.0840, 0.0983, 0.1043],
        [0.2002, 0.3932, 0.1349, 0.1368, 0.1349],
        [0.1274, 0.4796, 0.1338, 0.1321, 0.1272],
        [0.6067, 0.1028, 0.0850, 0.0982, 0.1073],
        [0.5967, 0.1064, 0.0900, 0.0993, 0.1076],
        [0.5305, 0.1368, 0.0995, 0.1126, 0.1206],
        [0.0041, 0.0072, 0.0131, 0.0263, 0.9493],
        [0.0413, 0.2181, 0.3902, 0.1980, 0.1525],
        [0.0497, 0.4402, 0.2124, 0.1560, 0.1417],
        [0.0787, 0.5610, 0.1170, 0.1240, 0.1193],
        [0.6060, 0.1051, 0.0839, 0.0974, 0.1076],
        [0.6056, 0.1020, 0.0873, 0.1000, 0.1051],
        [0.0686, 0.5838, 0.1137, 0.1211, 0.1129],
        [0.6033, 0.1040, 0.0878, 0.0978, 0.1071],
        [0.5959, 0.1071, 0.0889, 0.1001, 0.1080]], device='mps:0')
tensor([3., 0., 0., 0., 0., 0., 0., 4., 0., 0., 0., 0., 0., 0., 0., 0.])
completed batch 50
tensor([[0.0557, 0.6094, 0.1085, 0.1170, 0.1095],
        [0.0478, 0.6097, 0.1125, 0.1211, 0.1089],
        [0.0618, 0.6012, 0.1102, 0.1163, 0.1105],
        [0.0501, 0.6142, 0.1125, 0.1168, 0.1064],
        [0.6008, 0.1043, 0.0880, 0.0995, 0.1074],
        [0.3177, 0.2770, 0.1194, 0.1406, 0.1454],
        [0.6073, 0.1022, 0.0872, 0.0995, 0.1039],
        [0.4944, 0.1555, 0.1056, 0.1188, 0.1257],
        [0.2732, 0.3257, 0.1262, 0.1338, 0.1412],
        [0.6173, 0.0958, 0.0861, 0.1001, 0.1006],
        [0.5989, 0.1060, 0.0883, 0.0989, 0.1079],
        [0.6058, 0.1038, 0.0869, 0.0987, 0.1049],
        [0.6033, 0.1028, 0.0881, 0.1007, 0.1051],
        [0.6104, 0.1002, 0.0860, 0.0985, 0.1048],
        [0.6020, 0.1057, 0.0856, 0.1005, 0.1062],
        [0.6239, 0.0938, 0.0851, 0.0968, 0.1005]], device='mps:0')
tensor([0., 3., 0., 0., 0., 0., 0., 0., 0., 0., 0., 0., 1., 0., 0., 0.])
completed batch 60
tensor([[0.6007, 0.1042, 0.0889, 0.0992, 0.1070],
        [0.0817, 0.5708, 0.1157, 0.1174, 0.1144],
        [0.0477, 0.6081, 0.1147, 0.1184, 0.1111],
        [0.0473, 0.4872, 0.1764, 0.1593, 0.1299],
        [0.0569, 0.6044, 0.1117, 0.1177, 0.1093],
        [0.6008, 0.1049, 0.0898, 0.0971, 0.1073],
        [0.6143, 0.0990, 0.0856, 0.0986, 0.1025],
        [0.0500, 0.4545, 0.2106, 0.1489, 0.1360],
        [0.6065, 0.1047, 0.0855, 0.0972, 0.1061],
        [0.0094, 0.0211, 0.1001, 0.7534, 0.1160],
        [0.0493, 0.3639, 0.2764, 0.1623, 0.1482],
        [0.0470, 0.6157, 0.1164, 0.1178, 0.1031],
        [0.5943, 0.1037, 0.0888, 0.1034, 0.1099],
        [0.2198, 0.3795, 0.1296, 0.1340, 0.1371],
        [0.6069, 0.0993, 0.0888, 0.0979, 0.1070],
        [0.0093, 0.0205, 0.1470, 0.7153, 0.1079]], device='mps:0')
tensor([0., 1., 1., 1., 1., 0., 0., 0., 0., 3., 0., 0., 0., 0., 0., 3.])
completed batch 70
tensor([[0.6101, 0.1019, 0.0859, 0.0975, 0.1046],
        [0.0527, 0.4407, 0.2100, 0.1501, 0.1465],
        [0.6022, 0.1072, 0.0857, 0.0980, 0.1069],
        [0.5427, 0.1290, 0.0974, 0.1127, 0.1183],
        [0.0483, 0.6137, 0.1107, 0.1161, 0.1113],
        [0.0465, 0.6162, 0.1111, 0.1141, 0.1121],
        [0.0132, 0.0205, 0.7009, 0.1809, 0.0846],
        [0.0315, 0.1052, 0.5391, 0.1824, 0.1418],
        [0.6038, 0.1025, 0.0867, 0.0997, 0.1073],
        [0.0119, 0.0236, 0.2825, 0.5560, 0.1260],
        [0.0459, 0.6252, 0.1081, 0.1124, 0.1084],
        [0.6031, 0.1014, 0.0884, 0.1025, 0.1045],
        [0.0495, 0.4489, 0.2007, 0.1607, 0.1402],
        [0.0465, 0.6292, 0.1053, 0.1099, 0.1091],
        [0.0078, 0.0187, 0.0913, 0.7772, 0.1050],
        [0.5734, 0.1155, 0.0924, 0.1031, 0.1155]], device='mps:0')
tensor([0., 1., 0., 0., 0., 0., 4., 0., 0., 1., 0., 0., 0., 0., 1., 3.])
completed batch 80
tensor([[0.6029, 0.1046, 0.0865, 0.0982, 0.1078],
        [0.6188, 0.0906, 0.0877, 0.1019, 0.1010],
        [0.0493, 0.6143, 0.1113, 0.1168, 0.1083],
        [0.0765, 0.5826, 0.1118, 0.1157, 0.1134],
        [0.4049, 0.2127, 0.1179, 0.1323, 0.1321],
        [0.6022, 0.1058, 0.0872, 0.0974, 0.1074],
        [0.6304, 0.0878, 0.0840, 0.0978, 0.1001],
        [0.6011, 0.1031, 0.0893, 0.1013, 0.1052],
        [0.3203, 0.2798, 0.1241, 0.1368, 0.1390],
        [0.5838, 0.1062, 0.0926, 0.1037, 0.1137],
        [0.6065, 0.1041, 0.0850, 0.0975, 0.1070],
        [0.6001, 0.1069, 0.0882, 0.0974, 0.1073],
        [0.0666, 0.5883, 0.1137, 0.1186, 0.1129],
        [0.0708, 0.5878, 0.1161, 0.1151, 0.1102],
        [0.0135, 0.0237, 0.6216, 0.2416, 0.0995],
        [0.0131, 0.0255, 0.2708, 0.5585, 0.1321]], device='mps:0')
tensor([0., 1., 0., 0., 0., 0., 0., 0., 0., 0., 0., 0., 1., 0., 4., 1.])
completed batch 90
tensor([[0.6291, 0.0882, 0.0852, 0.0977, 0.0999],
        [0.0099, 0.0206, 0.1728, 0.6806, 0.1160],
        [0.0117, 0.0203, 0.6055, 0.2670, 0.0955],
        [0.6034, 0.1075, 0.0852, 0.0980, 0.1059],
        [0.0453, 0.6298, 0.1082, 0.1127, 0.1040],
        [0.2904, 0.3163, 0.1248, 0.1307, 0.1378],
        [0.0472, 0.6129, 0.1028, 0.1208, 0.1164],
        [0.0125, 0.0220, 0.6052, 0.2649, 0.0955],
        [0.6154, 0.0962, 0.0873, 0.0990, 0.1022],
        [0.6083, 0.1029, 0.0851, 0.0967, 0.1070],
        [0.0304, 0.0942, 0.5538, 0.1806, 0.1411],
        [0.0320, 0.0966, 0.5646, 0.1719, 0.1350],
        [0.6139, 0.0982, 0.0859, 0.0989, 0.1032],
        [0.5443, 0.1208, 0.1014, 0.1151, 0.1184],
        [0.6068, 0.1010, 0.0863, 0.1018, 0.1042],
        [0.0104, 0.0215, 0.0574, 0.7363, 0.1743]], device='mps:0')
tensor([0., 3., 1., 0., 0., 0., 1., 0., 1., 0., 2., 1., 0., 0., 0., 1.])
completed batch 100
tensor([[0.0459, 0.6176, 0.1087, 0.1157, 0.1122],
        [0.0814, 0.5633, 0.1161, 0.1223, 0.1169],
        [0.3495, 0.2610, 0.1199, 0.1350, 0.1347],
        [0.5951, 0.1067, 0.0895, 0.1009, 0.1079],
        [0.0479, 0.6127, 0.1152, 0.1191, 0.1051],
        [0.6072, 0.1023, 0.0870, 0.0988, 0.1047],
        [0.6090, 0.1019, 0.0855, 0.1003, 0.1032],
        [0.1363, 0.4848, 0.1257, 0.1275, 0.1257],
        [0.6017, 0.1013, 0.0893, 0.1022, 0.1055],
        [0.6035, 0.1002, 0.0886, 0.1007, 0.1070],
        [0.0474, 0.6149, 0.1140, 0.1171, 0.1067],
        [0.6032, 0.1059, 0.0873, 0.0963, 0.1072],
        [0.6086, 0.1047, 0.0846, 0.0961, 0.1060],
        [0.0458, 0.6286, 0.1125, 0.1077, 0.1054],
        [0.6076, 0.1002, 0.0877, 0.0986, 0.1058],
        [0.6075, 0.1053, 0.0847, 0.0959, 0.1066]], device='mps:0')
tensor([0., 0., 0., 0., 0., 0., 0., 0., 0., 0., 0., 0., 0., 1., 0., 0.])
completed batch 110
tensor([[0.4710, 0.1758, 0.1048, 0.1195, 0.1289],
        [0.0083, 0.0198, 0.0627, 0.7874, 0.1217],
        [0.0315, 0.0916, 0.5524, 0.1812, 0.1433],
        [0.0469, 0.6194, 0.1111, 0.1162, 0.1063],
        [0.0486, 0.6073, 0.1086, 0.1179, 0.1176],
        [0.4522, 0.1867, 0.1101, 0.1216, 0.1294],
        [0.2336, 0.3635, 0.1291, 0.1342, 0.1396],
        [0.0082, 0.0190, 0.0642, 0.7941, 0.1146],
        [0.1893, 0.4062, 0.1314, 0.1346, 0.1385],
        [0.0460, 0.6193, 0.1120, 0.1186, 0.1042],
        [0.0500, 0.5860, 0.1251, 0.1171, 0.1218],
        [0.6128, 0.0989, 0.0856, 0.1004, 0.1023],
        [0.1056, 0.5292, 0.1161, 0.1249, 0.1242],
        [0.6190, 0.0906, 0.0874, 0.1022, 0.1008],
        [0.6117, 0.1032, 0.0839, 0.0960, 0.1053],
        [0.5995, 0.1060, 0.0876, 0.1004, 0.1065]], device='mps:0')
tensor([0., 0., 0., 1., 0., 0., 0., 2., 4., 0., 3., 0., 0., 0., 0., 0.])
completed batch 120
tensor([[0.6037, 0.0961, 0.0896, 0.1044, 0.1062],
        [0.0512, 0.6002, 0.1192, 0.1190, 0.1104],
        [0.6073, 0.1039, 0.0869, 0.0968, 0.1052],
        [0.0082, 0.0207, 0.0753, 0.7826, 0.1133],
        [0.6096, 0.1023, 0.0851, 0.0968, 0.1062],
        [0.0469, 0.6119, 0.1113, 0.1165, 0.1133],
        [0.0500, 0.6151, 0.1050, 0.1180, 0.1119],
        [0.6115, 0.1005, 0.0857, 0.0967, 0.1056],
        [0.0486, 0.6043, 0.1095, 0.1233, 0.1143],
        [0.6045, 0.1026, 0.0872, 0.0973, 0.1085],
        [0.6097, 0.0997, 0.0871, 0.0996, 0.1039],
        [0.0477, 0.6018, 0.1115, 0.1188, 0.1201],
        [0.0395, 0.1971, 0.3674, 0.2328, 0.1631],
        [0.5406, 0.1229, 0.0969, 0.1123, 0.1273],
        [0.0220, 0.0456, 0.6075, 0.1992, 0.1257],
        [0.6079, 0.1012, 0.0867, 0.0977, 0.1064]], device='mps:0')
tensor([1., 0., 0., 3., 0., 0., 0., 0., 1., 0., 0., 0., 0., 0., 4., 0.])
completed batch 130
Evaluation finished!

[[1675  218]
 [  38  161]]
              precision    recall  f1-score   support

       False       0.98      0.88      0.93      1893
        True       0.42      0.81      0.56       199

    accuracy                           0.88      2092
   macro avg       0.70      0.85      0.74      2092
weighted avg       0.93      0.88      0.89      2092
