labels: [0 1 2 3 4]
label counts: [6819  755  125  369  297]
training with class weights: tensor([ 0.2453,  2.2159, 13.3840,  4.5339,  5.6330])

tensor([[0.5832, 0.0971, 0.1054, 0.1102, 0.1040],
        [0.1392, 0.4368, 0.1709, 0.1336, 0.1196],
        [0.0075, 0.0119, 0.0284, 0.9165, 0.0358],
        [0.5783, 0.0994, 0.0955, 0.1175, 0.1093],
        [0.0479, 0.6275, 0.1169, 0.1112, 0.0965],
        [0.5763, 0.1059, 0.1082, 0.1049, 0.1047],
        [0.5750, 0.1095, 0.0964, 0.1089, 0.1103],
        [0.1225, 0.4613, 0.1695, 0.1285, 0.1182],
        [0.5567, 0.1074, 0.1179, 0.1141, 0.1040],
        [0.5613, 0.1005, 0.1151, 0.1200, 0.1030],
        [0.0122, 0.0209, 0.6699, 0.2150, 0.0821],
        [0.5893, 0.0934, 0.0984, 0.1100, 0.1088],
        [0.0386, 0.6519, 0.1039, 0.1052, 0.1004],
        [0.0458, 0.5545, 0.1645, 0.1326, 0.1025],
        [0.0533, 0.4560, 0.2234, 0.1392, 0.1281],
        [0.1709, 0.3859, 0.1721, 0.1432, 0.1280]], device='mps:0')
tensor([0., 0., 0., 0., 1., 0., 0., 0., 0., 0., 0., 0., 0., 3., 4., 0.])
completed batch 10
tensor([[0.2246, 0.3148, 0.1935, 0.1419, 0.1251],
        [0.5668, 0.1079, 0.1039, 0.1152, 0.1062],
        [0.0409, 0.6313, 0.1110, 0.1148, 0.1020],
        [0.0554, 0.6061, 0.1284, 0.1091, 0.1009],
        [0.5807, 0.1022, 0.1067, 0.1058, 0.1046],
        [0.5543, 0.1147, 0.1116, 0.1086, 0.1109],
        [0.5743, 0.1047, 0.1088, 0.1095, 0.1027],
        [0.0413, 0.6379, 0.1096, 0.1119, 0.0993],
        [0.0485, 0.3186, 0.3414, 0.1598, 0.1318],
        [0.5777, 0.1028, 0.0996, 0.1121, 0.1079],
        [0.5681, 0.1068, 0.1028, 0.1116, 0.1107],
        [0.5638, 0.1029, 0.1071, 0.1161, 0.1101],
        [0.5694, 0.1037, 0.0978, 0.1180, 0.1111],
        [0.5846, 0.0981, 0.0979, 0.1094, 0.1099],
        [0.0421, 0.6253, 0.0994, 0.1260, 0.1072],
        [0.0105, 0.0162, 0.8433, 0.0726, 0.0574]], device='mps:0')
tensor([0., 0., 4., 0., 0., 0., 0., 0., 0., 0., 0., 0., 0., 0., 0., 1.])
completed batch 20
tensor([[0.4731, 0.1472, 0.1305, 0.1336, 0.1155],
        [0.5884, 0.0963, 0.1061, 0.1058, 0.1034],
        [0.5730, 0.1049, 0.1016, 0.1129, 0.1077],
        [0.0404, 0.6226, 0.1250, 0.1172, 0.0948],
        [0.5602, 0.1096, 0.1077, 0.1149, 0.1076],
        [0.5497, 0.1139, 0.1052, 0.1142, 0.1169],
        [0.0470, 0.5816, 0.1540, 0.1119, 0.1055],
        [0.0063, 0.0081, 0.8780, 0.0626, 0.0449],
        [0.0427, 0.6041, 0.1207, 0.1328, 0.0996],
        [0.0489, 0.5990, 0.1277, 0.1180, 0.1064],
        [0.5702, 0.1041, 0.1028, 0.1127, 0.1102],
        [0.0491, 0.5875, 0.1201, 0.1211, 0.1222],
        [0.0464, 0.5878, 0.1281, 0.1265, 0.1112],
        [0.0460, 0.6180, 0.1153, 0.1211, 0.0996],
        [0.0410, 0.5938, 0.1211, 0.1244, 0.1196],
        [0.0497, 0.4308, 0.1678, 0.2098, 0.1419]], device='mps:0')
tensor([0., 0., 0., 0., 0., 0., 0., 1., 0., 0., 0., 0., 0., 1., 0., 3.])
completed batch 30
tensor([[0.0788, 0.5300, 0.1489, 0.1291, 0.1131],
        [0.5791, 0.1034, 0.0987, 0.1121, 0.1067],
        [0.0043, 0.0056, 0.0154, 0.9557, 0.0191],
        [0.5773, 0.1101, 0.0971, 0.1089, 0.1065],
        [0.0482, 0.5802, 0.1416, 0.1199, 0.1101],
        [0.5743, 0.0996, 0.1089, 0.1166, 0.1007],
        [0.5811, 0.1056, 0.0952, 0.1119, 0.1063],
        [0.1700, 0.3895, 0.1708, 0.1287, 0.1410],
        [0.5958, 0.0989, 0.1045, 0.1032, 0.0976],
        [0.5655, 0.1062, 0.1064, 0.1137, 0.1081],
        [0.3144, 0.2564, 0.1498, 0.1503, 0.1292],
        [0.0529, 0.3297, 0.3366, 0.1449, 0.1359],
        [0.5816, 0.1028, 0.0969, 0.1116, 0.1071],
        [0.0243, 0.0550, 0.6586, 0.1577, 0.1044],
        [0.5786, 0.1021, 0.1001, 0.1112, 0.1080],
        [0.5354, 0.1206, 0.1181, 0.1137, 0.1123]], device='mps:0')
tensor([3., 0., 4., 0., 0., 0., 0., 0., 0., 0., 0., 0., 0., 3., 0., 0.])
completed batch 40
tensor([[0.0124, 0.0159, 0.0283, 0.0611, 0.8824],
        [0.5840, 0.1026, 0.0977, 0.1097, 0.1059],
        [0.0379, 0.6330, 0.1117, 0.1130, 0.1045],
        [0.5728, 0.1030, 0.0996, 0.1172, 0.1074],
        [0.0078, 0.0110, 0.8814, 0.0492, 0.0506],
        [0.0069, 0.0072, 0.0166, 0.0176, 0.9517],
        [0.0029, 0.0054, 0.0096, 0.9523, 0.0299],
        [0.5864, 0.1037, 0.0946, 0.1084, 0.1070],
        [0.0479, 0.5956, 0.1237, 0.1302, 0.1026],
        [0.5846, 0.1009, 0.1083, 0.1045, 0.1018],
        [0.5627, 0.1032, 0.1101, 0.1117, 0.1123],
        [0.5760, 0.1045, 0.1037, 0.1067, 0.1091],
        [0.0041, 0.0057, 0.0146, 0.9577, 0.0179],
        [0.5734, 0.1023, 0.1093, 0.1120, 0.1029],
        [0.5744, 0.1042, 0.1106, 0.1087, 0.1020],
        [0.0779, 0.5168, 0.1580, 0.1308, 0.1166]], device='mps:0')
tensor([4., 0., 0., 0., 0., 4., 3., 0., 1., 0., 0., 0., 3., 0., 1., 0.])
completed batch 50
tensor([[0.0508, 0.5676, 0.1503, 0.1179, 0.1134],
        [0.5877, 0.0964, 0.1082, 0.1082, 0.0994],
        [0.0046, 0.0060, 0.0124, 0.9429, 0.0341],
        [0.0433, 0.6135, 0.1176, 0.1244, 0.1012],
        [0.0032, 0.0047, 0.0091, 0.9631, 0.0200],
        [0.0432, 0.6078, 0.1200, 0.1131, 0.1158],
        [0.0546, 0.5934, 0.1307, 0.1214, 0.0999],
        [0.0393, 0.5997, 0.1335, 0.1185, 0.1090],
        [0.0447, 0.6010, 0.1288, 0.1180, 0.1075],
        [0.5687, 0.1012, 0.1032, 0.1186, 0.1083],
        [0.5862, 0.0979, 0.1097, 0.1027, 0.1036],
        [0.0523, 0.3514, 0.3101, 0.1529, 0.1334],
        [0.5618, 0.1015, 0.1109, 0.1160, 0.1098],
        [0.5802, 0.1081, 0.0989, 0.1062, 0.1066],
        [0.0089, 0.0134, 0.7247, 0.1734, 0.0797],
        [0.0392, 0.6190, 0.1190, 0.1152, 0.1076]], device='mps:0')
tensor([0., 0., 0., 0., 0., 0., 0., 0., 0., 0., 0., 3., 0., 0., 0., 0.])
completed batch 60
tensor([[0.0446, 0.6032, 0.1209, 0.1288, 0.1025],
        [0.5735, 0.0974, 0.1102, 0.1160, 0.1029],
        [0.0430, 0.6296, 0.1067, 0.1092, 0.1114],
        [0.5735, 0.1031, 0.1041, 0.1069, 0.1124],
        [0.0465, 0.5780, 0.1335, 0.1248, 0.1172],
        [0.0118, 0.0235, 0.2004, 0.7004, 0.0639],
        [0.5813, 0.1017, 0.1041, 0.1112, 0.1017],
        [0.0594, 0.5787, 0.1420, 0.1225, 0.0974],
        [0.5698, 0.1073, 0.1005, 0.1126, 0.1098],
        [0.0865, 0.5082, 0.1526, 0.1320, 0.1208],
        [0.0039, 0.0044, 0.0097, 0.9513, 0.0308],
        [0.5692, 0.1084, 0.1043, 0.1096, 0.1086],
        [0.5775, 0.1058, 0.0990, 0.1125, 0.1052],
        [0.5541, 0.1076, 0.1197, 0.1163, 0.1023],
        [0.5786, 0.1026, 0.1013, 0.1117, 0.1058],
        [0.0687, 0.5517, 0.1425, 0.1216, 0.1154]], device='mps:0')
tensor([0., 0., 1., 0., 0., 4., 0., 0., 0., 0., 3., 0., 0., 0., 0., 0.])
completed batch 70
tensor([[0.0459, 0.3799, 0.3252, 0.1352, 0.1139],
        [0.5734, 0.1001, 0.1108, 0.1166, 0.0992],
        [0.5573, 0.1139, 0.1078, 0.1159, 0.1051],
        [0.0028, 0.0034, 0.0108, 0.9616, 0.0214],
        [0.0422, 0.6372, 0.0998, 0.1222, 0.0986],
        [0.5592, 0.1131, 0.1038, 0.1138, 0.1102],
        [0.0482, 0.5745, 0.1350, 0.1335, 0.1088],
        [0.0511, 0.5839, 0.1232, 0.1278, 0.1140],
        [0.0409, 0.6194, 0.1179, 0.1163, 0.1055],
        [0.0488, 0.2466, 0.4174, 0.1560, 0.1313],
        [0.0054, 0.0088, 0.8596, 0.0818, 0.0445],
        [0.0457, 0.6068, 0.1182, 0.1238, 0.1056],
        [0.0042, 0.0062, 0.0162, 0.9483, 0.0252],
        [0.0058, 0.0105, 0.0291, 0.9161, 0.0385],
        [0.5986, 0.0992, 0.0944, 0.1036, 0.1041],
        [0.5473, 0.1116, 0.1157, 0.1144, 0.1110]], device='mps:0')
tensor([0., 0., 0., 3., 0., 0., 0., 0., 0., 0., 0., 0., 1., 0., 0., 0.])
completed batch 80
tensor([[0.5198, 0.1292, 0.1165, 0.1225, 0.1121],
        [0.5178, 0.1349, 0.1233, 0.1147, 0.1093],
        [0.5802, 0.1009, 0.1059, 0.1074, 0.1055],
        [0.0440, 0.6075, 0.1156, 0.1265, 0.1064],
        [0.5770, 0.1008, 0.1028, 0.1145, 0.1049],
        [0.5867, 0.1027, 0.0964, 0.1115, 0.1026],
        [0.5701, 0.0988, 0.1103, 0.1121, 0.1086],
        [0.0408, 0.6178, 0.1052, 0.1363, 0.0998],
        [0.5688, 0.1063, 0.0981, 0.1184, 0.1085],
        [0.0583, 0.5652, 0.1362, 0.1295, 0.1108],
        [0.0421, 0.6377, 0.1065, 0.1156, 0.0981],
        [0.5650, 0.1109, 0.1008, 0.1114, 0.1119],
        [0.0076, 0.0113, 0.7558, 0.1682, 0.0571],
        [0.5842, 0.0951, 0.1015, 0.1189, 0.1003],
        [0.0085, 0.0125, 0.0274, 0.8446, 0.1070],
        [0.5562, 0.1075, 0.1067, 0.1169, 0.1127]], device='mps:0')
tensor([0., 0., 0., 0., 0., 0., 0., 0., 0., 0., 0., 0., 4., 0., 4., 1.])
completed batch 90
tensor([[0.0514, 0.3888, 0.2456, 0.1826, 0.1316],
        [0.5833, 0.1038, 0.1052, 0.1056, 0.1022],
        [0.3726, 0.2068, 0.1566, 0.1335, 0.1305],
        [0.4400, 0.1662, 0.1328, 0.1326, 0.1284],
        [0.5734, 0.1016, 0.1039, 0.1153, 0.1058],
        [0.5725, 0.0989, 0.1081, 0.1137, 0.1068],
        [0.0261, 0.0949, 0.5894, 0.1618, 0.1277],
        [0.5528, 0.1138, 0.1073, 0.1174, 0.1087],
        [0.0373, 0.6430, 0.1093, 0.1153, 0.0951],
        [0.0424, 0.6300, 0.1113, 0.1150, 0.1013],
        [0.0469, 0.4683, 0.2036, 0.1620, 0.1192],
        [0.0054, 0.0087, 0.0202, 0.9357, 0.0300],
        [0.5761, 0.1063, 0.1014, 0.1073, 0.1088],
        [0.5819, 0.0978, 0.0990, 0.1104, 0.1110],
        [0.5883, 0.0984, 0.1062, 0.1047, 0.1023],
        [0.5868, 0.1006, 0.1066, 0.1058, 0.1003]], device='mps:0')
tensor([1., 0., 0., 0., 0., 0., 0., 0., 1., 0., 0., 2., 0., 0., 0., 0.])
completed batch 100
tensor([[0.0172, 0.0292, 0.0412, 0.2087, 0.7037],
        [0.0436, 0.6138, 0.1238, 0.1186, 0.1001],
        [0.0445, 0.4787, 0.2081, 0.1478, 0.1209],
        [0.5865, 0.1005, 0.0994, 0.1075, 0.1060],
        [0.5645, 0.1025, 0.1077, 0.1168, 0.1085],
        [0.5555, 0.1114, 0.1052, 0.1184, 0.1096],
        [0.5727, 0.1046, 0.1017, 0.1114, 0.1096],
        [0.0652, 0.5545, 0.1479, 0.1179, 0.1145],
        [0.0011, 0.0011, 0.9820, 0.0081, 0.0077],
        [0.2574, 0.3101, 0.1587, 0.1438, 0.1301],
        [0.0389, 0.6672, 0.0783, 0.1199, 0.0957],
        [0.5817, 0.1031, 0.1040, 0.1044, 0.1068],
        [0.4809, 0.1491, 0.1264, 0.1192, 0.1245],
        [0.0460, 0.6075, 0.1216, 0.1226, 0.1024],
        [0.5551, 0.1138, 0.1072, 0.1186, 0.1052],
        [0.0437, 0.6023, 0.1183, 0.1311, 0.1046]], device='mps:0')
tensor([4., 0., 0., 0., 0., 0., 0., 0., 0., 0., 0., 0., 0., 3., 0., 0.])
completed batch 110
tensor([[0.2444, 0.3105, 0.1771, 0.1320, 0.1361],
        [0.0490, 0.5019, 0.1943, 0.1396, 0.1151],
        [0.5512, 0.1123, 0.1080, 0.1169, 0.1117],
        [0.0490, 0.4207, 0.2246, 0.1850, 0.1207],
        [0.0070, 0.0120, 0.0323, 0.9171, 0.0316],
        [0.5882, 0.0972, 0.0990, 0.1107, 0.1049],
        [0.5839, 0.1004, 0.0965, 0.1120, 0.1071],
        [0.5616, 0.1097, 0.1061, 0.1149, 0.1076],
        [0.5813, 0.0966, 0.1025, 0.1147, 0.1050],
        [0.5686, 0.1089, 0.1030, 0.1095, 0.1100],
        [0.0470, 0.5461, 0.1628, 0.1334, 0.1107],
        [0.5823, 0.0960, 0.1065, 0.1113, 0.1039],
        [0.0402, 0.6070, 0.1264, 0.1198, 0.1065],
        [0.0073, 0.0114, 0.0166, 0.0266, 0.9381],
        [0.1078, 0.4899, 0.1489, 0.1400, 0.1134],
        [0.5750, 0.1024, 0.1043, 0.1131, 0.1053]], device='mps:0')
tensor([0., 0., 0., 0., 0., 0., 0., 0., 0., 0., 0., 0., 0., 3., 0., 0.])
completed batch 120
tensor([[0.5667, 0.1044, 0.1127, 0.1070, 0.1092],
        [0.0567, 0.5850, 0.1308, 0.1224, 0.1051],
        [0.5808, 0.1032, 0.0982, 0.1095, 0.1083],
        [0.5855, 0.0991, 0.0978, 0.1091, 0.1085],
        [0.5611, 0.1036, 0.1068, 0.1179, 0.1106],
        [0.3792, 0.2103, 0.1429, 0.1441, 0.1235],
        [0.0453, 0.5924, 0.1293, 0.1251, 0.1081],
        [0.0421, 0.6497, 0.1001, 0.1112, 0.0969],
        [0.0483, 0.1984, 0.4261, 0.1919, 0.1352],
        [0.0072, 0.0112, 0.0230, 0.9171, 0.0416],
        [0.0288, 0.0852, 0.5108, 0.2654, 0.1099],
        [0.0629, 0.5773, 0.1280, 0.1221, 0.1098],
        [0.0458, 0.5731, 0.1121, 0.1618, 0.1071],
        [0.0094, 0.0151, 0.0267, 0.0482, 0.9006],
        [0.0052, 0.0067, 0.0166, 0.9466, 0.0249],
        [0.3984, 0.1886, 0.1455, 0.1397, 0.1277]], device='mps:0')
tensor([0., 0., 0., 0., 1., 0., 1., 0., 0., 4., 1., 1., 4., 4., 1., 0.])
completed batch 130
Evaluation finished!

[[1638  255]
 [  42  157]]
              precision    recall  f1-score   support

       False       0.97      0.87      0.92      1893
        True       0.38      0.79      0.51       199

    accuracy                           0.86      2092
   macro avg       0.68      0.83      0.72      2092
weighted avg       0.92      0.86      0.88      2092

