tensor([[0.0142, 0.0267, 0.3917, 0.4478, 0.1195],
        [0.0545, 0.5856, 0.1325, 0.1137, 0.1136],
        [0.0486, 0.6402, 0.1045, 0.1067, 0.1000],
        [0.0474, 0.6008, 0.1186, 0.1190, 0.1142],
        [0.0562, 0.6101, 0.1036, 0.1180, 0.1121],
        [0.0723, 0.5895, 0.1102, 0.1082, 0.1198],
        [0.0282, 0.0496, 0.5949, 0.1985, 0.1288],
        [0.0595, 0.6128, 0.1039, 0.1130, 0.1108],
        [0.0576, 0.6083, 0.1227, 0.1072, 0.1041],
        [0.0305, 0.0709, 0.6086, 0.1721, 0.1180],
        [0.0653, 0.4061, 0.2447, 0.1540, 0.1298],
        [0.0614, 0.5949, 0.1208, 0.1189, 0.1040],
        [0.0513, 0.6394, 0.1014, 0.1073, 0.1006],
        [0.0684, 0.5934, 0.1266, 0.1085, 0.1031],
        [0.0507, 0.6238, 0.1016, 0.1158, 0.1080],
        [0.0621, 0.5925, 0.1240, 0.1159, 0.1055]], device='mps:0')
tensor([0., 1., 0., 0., 0., 0., 0., 0., 0., 3., 0., 0., 0., 0., 0., 0.])
completed batch 10
tensor([[0.0518, 0.6279, 0.0985, 0.1155, 0.1062],
        [0.0717, 0.5654, 0.1370, 0.1133, 0.1126],
        [0.0826, 0.5599, 0.1315, 0.1155, 0.1105],
        [0.0646, 0.5515, 0.1404, 0.1226, 0.1209],
        [0.0731, 0.5564, 0.1461, 0.1130, 0.1114],
        [0.0486, 0.6501, 0.1041, 0.1011, 0.0961],
        [0.0707, 0.5378, 0.1432, 0.1303, 0.1180],
        [0.0568, 0.2861, 0.3439, 0.1763, 0.1368],
        [0.0539, 0.5927, 0.1223, 0.1169, 0.1141],
        [0.0620, 0.5911, 0.1241, 0.1145, 0.1083],
        [0.0148, 0.0210, 0.6909, 0.1790, 0.0942],
        [0.0500, 0.6291, 0.1049, 0.1063, 0.1096],
        [0.0613, 0.4380, 0.2111, 0.1648, 0.1249],
        [0.0552, 0.6297, 0.1101, 0.1057, 0.0993],
        [0.0648, 0.5245, 0.1622, 0.1297, 0.1188],
        [0.0486, 0.6132, 0.1203, 0.1124, 0.1054]], device='mps:0')
tensor([0., 0., 0., 0., 0., 0., 0., 3., 0., 0., 3., 0., 1., 0., 4., 0.])
completed batch 20
tensor([[0.0484, 0.6382, 0.1023, 0.1062, 0.1050],
        [0.0672, 0.5874, 0.1265, 0.1120, 0.1068],
        [0.0674, 0.5857, 0.1273, 0.1109, 0.1088],
        [0.0130, 0.0259, 0.1419, 0.6543, 0.1649],
        [0.0124, 0.0179, 0.0352, 0.1922, 0.7423],
        [0.0530, 0.6110, 0.1153, 0.1144, 0.1063],
        [0.0505, 0.5953, 0.1229, 0.1230, 0.1083],
        [0.0480, 0.6076, 0.1177, 0.1187, 0.1080],
        [0.0490, 0.6341, 0.1018, 0.1151, 0.1000],
        [0.0518, 0.6119, 0.1180, 0.1095, 0.1088],
        [0.0038, 0.0048, 0.0111, 0.0328, 0.9474],
        [0.0175, 0.0327, 0.1753, 0.5709, 0.2037],
        [0.0258, 0.0399, 0.0776, 0.3586, 0.4981],
        [0.0552, 0.6080, 0.1189, 0.1109, 0.1069],
        [0.0520, 0.6237, 0.1120, 0.1097, 0.1027],
        [0.0772, 0.5737, 0.1171, 0.1157, 0.1164]], device='mps:0')
tensor([0., 0., 0., 1., 4., 0., 0., 0., 0., 0., 3., 0., 4., 0., 0., 0.])
completed batch 30
tensor([[0.0504, 0.6302, 0.1056, 0.1105, 0.1033],
        [0.0149, 0.0283, 0.0870, 0.6114, 0.2584],
        [0.0513, 0.6305, 0.1001, 0.1143, 0.1038],
        [0.0178, 0.0238, 0.5959, 0.2451, 0.1175],
        [0.0535, 0.3803, 0.2715, 0.1596, 0.1352],
        [0.0659, 0.5862, 0.1150, 0.1251, 0.1078],
        [0.0524, 0.5977, 0.1286, 0.1125, 0.1088],
        [0.0126, 0.0188, 0.0299, 0.1997, 0.7390],
        [0.0513, 0.6238, 0.1012, 0.1150, 0.1087],
        [0.0812, 0.5470, 0.1415, 0.1217, 0.1086],
        [0.0514, 0.6174, 0.1177, 0.1052, 0.1084],
        [0.0695, 0.5585, 0.1330, 0.1218, 0.1171],
        [0.0605, 0.5752, 0.1335, 0.1184, 0.1124],
        [0.0694, 0.5591, 0.1356, 0.1217, 0.1142],
        [0.0498, 0.6187, 0.1064, 0.1124, 0.1127],
        [0.0516, 0.6236, 0.1022, 0.1135, 0.1091]], device='mps:0')
tensor([0., 1., 0., 0., 1., 0., 0., 4., 0., 0., 0., 0., 0., 0., 0., 3.])
completed batch 40
tensor([[0.0528, 0.6032, 0.1302, 0.1091, 0.1048],
        [0.0506, 0.6410, 0.1060, 0.1010, 0.1014],
        [0.0635, 0.5998, 0.1089, 0.1163, 0.1115],
        [0.0155, 0.0294, 0.1289, 0.6462, 0.1799],
        [0.0678, 0.5997, 0.1185, 0.1132, 0.1008],
        [0.0625, 0.5770, 0.1390, 0.1161, 0.1055],
        [0.0786, 0.5338, 0.1415, 0.1227, 0.1235],
        [0.0247, 0.0415, 0.6163, 0.2002, 0.1174],
        [0.0514, 0.6219, 0.1170, 0.1081, 0.1016],
        [0.0163, 0.0325, 0.5901, 0.2402, 0.1208],
        [0.0499, 0.6300, 0.1025, 0.1157, 0.1019],
        [0.0494, 0.6127, 0.1158, 0.1130, 0.1091],
        [0.0719, 0.5885, 0.1210, 0.1099, 0.1087],
        [0.0635, 0.5660, 0.1315, 0.1218, 0.1173],
        [0.0546, 0.6243, 0.1097, 0.1082, 0.1032],
        [0.0259, 0.0491, 0.6535, 0.1637, 0.1077]], device='mps:0')
tensor([0., 0., 0., 3., 0., 0., 0., 0., 0., 4., 1., 0., 0., 0., 0., 4.])
completed batch 50
tensor([[0.0656, 0.6014, 0.1160, 0.1120, 0.1050],
        [0.0523, 0.6350, 0.0964, 0.1110, 0.1053],
        [0.0558, 0.6110, 0.1103, 0.1157, 0.1072],
        [0.0508, 0.6398, 0.1016, 0.1070, 0.1007],
        [0.0469, 0.1628, 0.4693, 0.1890, 0.1319],
        [0.0242, 0.0360, 0.6211, 0.2044, 0.1144],
        [0.0561, 0.3384, 0.2878, 0.1909, 0.1268],
        [0.0500, 0.2718, 0.3766, 0.1562, 0.1454],
        [0.0489, 0.6331, 0.1088, 0.1115, 0.0977],
        [0.0507, 0.6162, 0.1131, 0.1111, 0.1088],
        [0.0573, 0.6034, 0.1176, 0.1140, 0.1077],
        [0.0585, 0.6101, 0.1057, 0.1202, 0.1056],
        [0.0569, 0.5915, 0.1237, 0.1177, 0.1101],
        [0.0372, 0.0846, 0.5430, 0.2066, 0.1286],
        [0.0529, 0.6026, 0.1193, 0.1145, 0.1107],
        [0.0765, 0.5871, 0.1162, 0.1129, 0.1073]], device='mps:0')
tensor([0., 0., 0., 0., 1., 3., 0., 0., 0., 0., 0., 0., 0., 0., 3., 0.])
completed batch 60
tensor([[0.0510, 0.6357, 0.1036, 0.1085, 0.1012],
        [0.0507, 0.6387, 0.1128, 0.1024, 0.0954],
        [0.0165, 0.0262, 0.5993, 0.2469, 0.1110],
        [0.0558, 0.5916, 0.1280, 0.1116, 0.1130],
        [0.0707, 0.5423, 0.1374, 0.1250, 0.1246],
        [0.0839, 0.5257, 0.1434, 0.1277, 0.1193],
        [0.0262, 0.0588, 0.6187, 0.1685, 0.1277],
        [0.0495, 0.6320, 0.1082, 0.1043, 0.1059],
        [0.0552, 0.6407, 0.0928, 0.1047, 0.1067],
        [0.0489, 0.1771, 0.4888, 0.1640, 0.1213],
        [0.0517, 0.6228, 0.1069, 0.1127, 0.1059],
        [0.0643, 0.5953, 0.1138, 0.1185, 0.1080],
        [0.0478, 0.6099, 0.1211, 0.1152, 0.1061],
        [0.0727, 0.5831, 0.1156, 0.1214, 0.1072],
        [0.0170, 0.0262, 0.4119, 0.3971, 0.1479],
        [0.0597, 0.5896, 0.1229, 0.1144, 0.1135]], device='mps:0')
tensor([0., 0., 4., 0., 0., 0., 0., 0., 0., 0., 0., 0., 0., 0., 3., 0.])
completed batch 70
tensor([[0.0505, 0.6151, 0.1078, 0.1153, 0.1113],
        [0.0630, 0.5987, 0.1238, 0.1103, 0.1042],
        [0.0564, 0.5766, 0.1291, 0.1260, 0.1120],
        [0.0632, 0.5709, 0.1272, 0.1228, 0.1158],
        [0.0627, 0.5892, 0.1352, 0.1050, 0.1080],
        [0.0580, 0.6282, 0.0952, 0.1066, 0.1119],
        [0.0499, 0.2462, 0.3999, 0.1609, 0.1430],
        [0.0582, 0.6026, 0.1123, 0.1149, 0.1120],
        [0.0563, 0.5738, 0.1275, 0.1267, 0.1157],
        [0.0505, 0.6173, 0.1117, 0.1134, 0.1071],
        [0.0519, 0.6081, 0.1141, 0.1182, 0.1076],
        [0.0444, 0.1558, 0.4886, 0.1832, 0.1281],
        [0.0482, 0.6546, 0.0958, 0.0998, 0.1015],
        [0.0540, 0.6201, 0.1023, 0.1128, 0.1108],
        [0.0477, 0.2440, 0.3932, 0.1796, 0.1354],
        [0.0547, 0.5990, 0.1236, 0.1146, 0.1081]], device='mps:0')
tensor([0., 0., 0., 0., 0., 0., 3., 0., 0., 0., 0., 1., 0., 0., 4., 0.])
completed batch 80
tensor([[0.0519, 0.6277, 0.1055, 0.1112, 0.1037],
        [0.0184, 0.0308, 0.5631, 0.2667, 0.1211],
        [0.0535, 0.6242, 0.1169, 0.1053, 0.1001],
        [0.0493, 0.6227, 0.1074, 0.1155, 0.1052],
        [0.0699, 0.5542, 0.1333, 0.1226, 0.1200],
        [0.0167, 0.0304, 0.3262, 0.4689, 0.1578],
        [0.0131, 0.0214, 0.0581, 0.5395, 0.3680],
        [0.0067, 0.0081, 0.0183, 0.0535, 0.9134],
        [0.0545, 0.6327, 0.1083, 0.1016, 0.1030],
        [0.0514, 0.6386, 0.0991, 0.1118, 0.0990],
        [0.0577, 0.5774, 0.1244, 0.1224, 0.1181],
        [0.0772, 0.5626, 0.1318, 0.1249, 0.1036],
        [0.0487, 0.6409, 0.1023, 0.1060, 0.1022],
        [0.0527, 0.5942, 0.1254, 0.1122, 0.1155],
        [0.0513, 0.6364, 0.1082, 0.1057, 0.0985],
        [0.0480, 0.6128, 0.1129, 0.1166, 0.1096]], device='mps:0')
tensor([0., 1., 0., 0., 0., 4., 0., 4., 1., 0., 0., 0., 0., 2., 0., 0.])
completed batch 90
tensor([[0.0143, 0.0228, 0.0515, 0.4608, 0.4508],
        [0.0598, 0.4303, 0.2168, 0.1648, 0.1282],
        [0.0466, 0.6468, 0.0998, 0.1032, 0.1036],
        [0.0205, 0.0348, 0.5117, 0.3018, 0.1313],
        [0.0515, 0.6256, 0.1027, 0.1138, 0.1065],
        [0.0599, 0.6070, 0.1142, 0.1144, 0.1044],
        [0.0560, 0.5074, 0.1763, 0.1386, 0.1217],
        [0.0562, 0.6088, 0.1099, 0.1146, 0.1106],
        [0.0356, 0.0728, 0.5852, 0.1802, 0.1262],
        [0.0521, 0.6134, 0.1172, 0.1127, 0.1046],
        [0.0181, 0.0273, 0.7018, 0.1531, 0.0996],
        [0.0669, 0.5664, 0.1348, 0.1177, 0.1142],
        [0.0497, 0.6236, 0.1071, 0.1099, 0.1096],
        [0.0475, 0.6332, 0.1077, 0.1091, 0.1025],
        [0.0510, 0.6236, 0.1162, 0.1059, 0.1033],
        [0.0822, 0.5492, 0.1375, 0.1150, 0.1161]], device='mps:0')
tensor([1., 0., 0., 0., 0., 0., 0., 0., 0., 0., 0., 0., 0., 0., 0., 0.])
completed batch 100
tensor([[0.0604, 0.6195, 0.1136, 0.1079, 0.0986],
        [0.0703, 0.5848, 0.1099, 0.1244, 0.1106],
        [0.0500, 0.6149, 0.1095, 0.1186, 0.1070],
        [0.0991, 0.5077, 0.1369, 0.1354, 0.1209],
        [0.0662, 0.5578, 0.1387, 0.1270, 0.1103],
        [0.0586, 0.6079, 0.1178, 0.1099, 0.1058],
        [0.0604, 0.6196, 0.1036, 0.1025, 0.1138],
        [0.0060, 0.0087, 0.0167, 0.0547, 0.9139],
        [0.0515, 0.6405, 0.0976, 0.1090, 0.1015],
        [0.0630, 0.6032, 0.1100, 0.1138, 0.1100],
        [0.0202, 0.0368, 0.2682, 0.5101, 0.1646],
        [0.0530, 0.6281, 0.1001, 0.1155, 0.1032],
        [0.0824, 0.5587, 0.1339, 0.1122, 0.1127],
        [0.0550, 0.6255, 0.1064, 0.1120, 0.1011],
        [0.0645, 0.5966, 0.1131, 0.1159, 0.1099],
        [0.0543, 0.6301, 0.1106, 0.1027, 0.1024]], device='mps:0')
tensor([0., 0., 0., 0., 0., 0., 1., 4., 0., 0., 0., 0., 0., 0., 0., 0.])
completed batch 110
tensor([[0.0198, 0.0272, 0.7087, 0.1536, 0.0907],
        [0.0384, 0.0786, 0.5745, 0.1855, 0.1230],
        [0.0827, 0.5315, 0.1475, 0.1246, 0.1137],
        [0.0504, 0.6263, 0.1087, 0.1137, 0.1009],
        [0.0634, 0.5852, 0.1224, 0.1225, 0.1066],
        [0.0664, 0.5830, 0.1312, 0.1110, 0.1084],
        [0.0492, 0.6212, 0.1120, 0.1079, 0.1097],
        [0.0698, 0.5855, 0.1241, 0.1124, 0.1081],
        [0.0531, 0.6298, 0.1033, 0.1112, 0.1026],
        [0.0239, 0.0426, 0.6779, 0.1591, 0.0964],
        [0.0559, 0.6004, 0.1210, 0.1147, 0.1081],
        [0.0807, 0.5613, 0.1325, 0.1144, 0.1110],
        [0.0634, 0.4881, 0.1810, 0.1506, 0.1169],
        [0.0568, 0.5997, 0.1234, 0.1115, 0.1086],
        [0.0962, 0.5306, 0.1378, 0.1260, 0.1093],
        [0.0625, 0.6115, 0.1152, 0.1084, 0.1023]], device='mps:0')
tensor([0., 0., 0., 0., 0., 0., 0., 0., 0., 0., 0., 0., 0., 0., 0., 0.])
completed batch 120
tensor([[0.0470, 0.6430, 0.1007, 0.1045, 0.1049],
        [0.0560, 0.6077, 0.1199, 0.1111, 0.1053],
        [0.0487, 0.6417, 0.0953, 0.1106, 0.1038],
        [0.0592, 0.6253, 0.1133, 0.1070, 0.0952],
        [0.0495, 0.6055, 0.1196, 0.1121, 0.1133],
        [0.0137, 0.0230, 0.1587, 0.6296, 0.1750],
        [0.0151, 0.0213, 0.0508, 0.5253, 0.3876],
        [0.0625, 0.5902, 0.1260, 0.1131, 0.1083],
        [0.0570, 0.5979, 0.1218, 0.1179, 0.1054],
        [0.0528, 0.3087, 0.3169, 0.1809, 0.1407],
        [0.0525, 0.6312, 0.0987, 0.1115, 0.1061],
        [0.0582, 0.5939, 0.1252, 0.1135, 0.1091],
        [0.0499, 0.6295, 0.1138, 0.1048, 0.1019],
        [0.0539, 0.6215, 0.1010, 0.1131, 0.1105],
        [0.0629, 0.6053, 0.1038, 0.1230, 0.1051],
        [0.0397, 0.1200, 0.5176, 0.1810, 0.1417]], device='mps:0')
tensor([0., 0., 1., 0., 0., 1., 3., 0., 0., 0., 0., 0., 0., 0., 0., 1.])
completed batch 130
Evaluation finished!

[[1629  264]
 [  28  171]]
              precision    recall  f1-score   support

       False       0.98      0.86      0.92      1893
        True       0.39      0.86      0.54       199

    accuracy                           0.86      2092
   macro avg       0.69      0.86      0.73      2092
weighted avg       0.93      0.86      0.88      2092

