tensor([[0.5785, 0.1106, 0.0970, 0.1046, 0.1093],
        [0.2991, 0.2666, 0.1632, 0.1373, 0.1338],
        [0.0487, 0.5932, 0.1300, 0.1204, 0.1077],
        [0.0223, 0.0471, 0.6771, 0.1548, 0.0988],
        [0.0501, 0.5711, 0.1348, 0.1295, 0.1145],
        [0.5780, 0.1104, 0.0963, 0.1053, 0.1100],
        [0.5755, 0.1096, 0.1016, 0.1038, 0.1095],
        [0.5781, 0.1116, 0.0973, 0.1013, 0.1117],
        [0.5830, 0.1081, 0.0954, 0.1015, 0.1120],
        [0.0110, 0.0209, 0.4278, 0.4294, 0.1110],
        [0.2286, 0.3245, 0.1665, 0.1470, 0.1334],
        [0.5827, 0.1061, 0.0953, 0.1007, 0.1153],
        [0.0499, 0.4914, 0.1929, 0.1439, 0.1219],
        [0.0114, 0.0216, 0.3094, 0.5401, 0.1174],
        [0.5837, 0.1073, 0.0977, 0.1041, 0.1072],
        [0.0469, 0.5288, 0.1628, 0.1373, 0.1242]], device='mps:0')
tensor([1., 0., 1., 1., 0., 0., 0., 0., 0., 1., 3., 0., 4., 0., 0., 0.])
completed batch 10
tensor([[0.5827, 0.1092, 0.0972, 0.1007, 0.1102],
        [0.0439, 0.5771, 0.1438, 0.1259, 0.1094],
        [0.0515, 0.5624, 0.1493, 0.1244, 0.1125],
        [0.0105, 0.0248, 0.6250, 0.2431, 0.0966],
        [0.0361, 0.1146, 0.5376, 0.1785, 0.1332],
        [0.1389, 0.4238, 0.1638, 0.1449, 0.1286],
        [0.0211, 0.0394, 0.6253, 0.1959, 0.1183],
        [0.0085, 0.0127, 0.0427, 0.7759, 0.1602],
        [0.0058, 0.0124, 0.0415, 0.8425, 0.0977],
        [0.0148, 0.0238, 0.7503, 0.1328, 0.0784],
        [0.0211, 0.0478, 0.6546, 0.1668, 0.1097],
        [0.5877, 0.1070, 0.0973, 0.1011, 0.1069],
        [0.0534, 0.5452, 0.1419, 0.1413, 0.1182],
        [0.0581, 0.5516, 0.1471, 0.1255, 0.1177],
        [0.1032, 0.4614, 0.1657, 0.1443, 0.1253],
        [0.5923, 0.1053, 0.0913, 0.1007, 0.1104]], device='mps:0')
tensor([0., 0., 4., 1., 0., 0., 1., 0., 3., 0., 0., 0., 0., 0., 0., 0.])
completed batch 20
tensor([[0.0509, 0.5652, 0.1388, 0.1314, 0.1137],
        [0.5802, 0.1099, 0.0997, 0.1005, 0.1097],
        [0.0260, 0.0578, 0.6055, 0.1901, 0.1206],
        [0.0543, 0.5607, 0.1409, 0.1290, 0.1151],
        [0.0509, 0.5785, 0.1306, 0.1250, 0.1150],
        [0.0529, 0.4110, 0.2356, 0.1670, 0.1335],
        [0.5714, 0.1137, 0.0981, 0.1045, 0.1123],
        [0.5866, 0.1075, 0.0957, 0.1029, 0.1074],
        [0.5783, 0.1088, 0.0988, 0.1049, 0.1091],
        [0.5807, 0.1114, 0.0965, 0.1006, 0.1108],
        [0.0088, 0.0169, 0.0861, 0.7620, 0.1261],
        [0.5832, 0.1099, 0.0942, 0.1001, 0.1125],
        [0.5810, 0.1085, 0.0990, 0.1038, 0.1077],
        [0.5911, 0.1051, 0.0934, 0.0998, 0.1107],
        [0.5809, 0.1097, 0.0968, 0.1032, 0.1094],
        [0.5820, 0.1098, 0.0944, 0.1028, 0.1111]], device='mps:0')
tensor([0., 0., 0., 0., 0., 0., 0., 0., 0., 0., 0., 0., 0., 0., 0., 0.])
completed batch 30
tensor([[0.0476, 0.5827, 0.1302, 0.1280, 0.1116],
        [0.5811, 0.1085, 0.0981, 0.1034, 0.1090],
        [0.0530, 0.5588, 0.1389, 0.1359, 0.1134],
        [0.5760, 0.1087, 0.1012, 0.1047, 0.1094],
        [0.0494, 0.4355, 0.2252, 0.1589, 0.1309],
        [0.5885, 0.1067, 0.0987, 0.1002, 0.1059],
        [0.0496, 0.5590, 0.1428, 0.1355, 0.1130],
        [0.1054, 0.4753, 0.1623, 0.1334, 0.1236],
        [0.5724, 0.1082, 0.1022, 0.1067, 0.1104],
        [0.2097, 0.3347, 0.1704, 0.1477, 0.1375],
        [0.4896, 0.1481, 0.1244, 0.1197, 0.1183],
        [0.0288, 0.0844, 0.5916, 0.1758, 0.1195],
        [0.0517, 0.4137, 0.2320, 0.1749, 0.1277],
        [0.0887, 0.5000, 0.1581, 0.1335, 0.1196],
        [0.3985, 0.2012, 0.1379, 0.1352, 0.1272],
        [0.4534, 0.1677, 0.1353, 0.1218, 0.1218]], device='mps:0')
tensor([0., 0., 0., 0., 0., 0., 0., 0., 0., 0., 0., 0., 0., 0., 0., 0.])
completed batch 40
tensor([[0.0545, 0.5609, 0.1368, 0.1327, 0.1151],
        [0.5821, 0.1090, 0.0978, 0.1023, 0.1088],
        [0.5909, 0.1058, 0.0935, 0.1002, 0.1096],
        [0.5541, 0.1182, 0.1073, 0.1073, 0.1130],
        [0.5852, 0.1081, 0.0964, 0.1012, 0.1090],
        [0.5754, 0.1096, 0.0993, 0.1049, 0.1108],
        [0.2847, 0.2829, 0.1551, 0.1416, 0.1357],
        [0.0049, 0.0089, 0.0163, 0.0446, 0.9254],
        [0.0537, 0.5561, 0.1403, 0.1341, 0.1158],
        [0.0465, 0.5800, 0.1352, 0.1300, 0.1084],
        [0.5875, 0.1085, 0.0930, 0.1004, 0.1107],
        [0.5898, 0.1076, 0.0954, 0.1002, 0.1071],
        [0.5676, 0.1133, 0.1034, 0.1045, 0.1112],
        [0.2537, 0.3037, 0.1601, 0.1482, 0.1343],
        [0.5870, 0.1081, 0.0965, 0.1011, 0.1073],
        [0.5833, 0.1089, 0.0986, 0.1017, 0.1075]], device='mps:0')
tensor([3., 0., 0., 0., 0., 0., 0., 4., 0., 0., 0., 0., 0., 0., 0., 0.])
completed batch 50
tensor([[0.5031, 0.1425, 0.1200, 0.1180, 0.1163],
        [0.0105, 0.0160, 0.7437, 0.1457, 0.0841],
        [0.2257, 0.3169, 0.1783, 0.1468, 0.1322],
        [0.0504, 0.5523, 0.1504, 0.1314, 0.1156],
        [0.5838, 0.1083, 0.0981, 0.1026, 0.1072],
        [0.1398, 0.4203, 0.1675, 0.1420, 0.1304],
        [0.5725, 0.1114, 0.0982, 0.1049, 0.1130],
        [0.0853, 0.5005, 0.1591, 0.1333, 0.1218],
        [0.5929, 0.1049, 0.0927, 0.1017, 0.1078],
        [0.5730, 0.1095, 0.0996, 0.1071, 0.1109],
        [0.5961, 0.1060, 0.0934, 0.0958, 0.1086],
        [0.5773, 0.1095, 0.0993, 0.1043, 0.1095],
        [0.5687, 0.1133, 0.1014, 0.1037, 0.1129],
        [0.5807, 0.1096, 0.0986, 0.1031, 0.1079],
        [0.0577, 0.5248, 0.1543, 0.1408, 0.1225],
        [0.4549, 0.1674, 0.1258, 0.1280, 0.1239]], device='mps:0')
tensor([0., 3., 0., 0., 0., 0., 0., 0., 0., 0., 0., 0., 1., 0., 0., 0.])
completed batch 60
tensor([[0.5812, 0.1073, 0.0990, 0.1031, 0.1094],
        [0.5944, 0.1051, 0.0944, 0.0977, 0.1083],
        [0.0530, 0.5512, 0.1410, 0.1381, 0.1167],
        [0.0154, 0.0233, 0.7267, 0.1460, 0.0886],
        [0.0429, 0.2271, 0.4024, 0.1804, 0.1472],
        [0.5817, 0.1089, 0.0981, 0.1017, 0.1095],
        [0.5789, 0.1076, 0.1013, 0.1045, 0.1077],
        [0.0463, 0.4219, 0.2257, 0.1738, 0.1324],
        [0.5807, 0.1112, 0.0974, 0.1015, 0.1093],
        [0.0067, 0.0126, 0.0417, 0.8236, 0.1154],
        [0.0494, 0.4538, 0.1971, 0.1662, 0.1335],
        [0.0498, 0.5022, 0.1807, 0.1412, 0.1261],
        [0.0569, 0.5357, 0.1498, 0.1357, 0.1220],
        [0.0529, 0.5476, 0.1414, 0.1362, 0.1219],
        [0.5836, 0.1061, 0.0990, 0.1034, 0.1078],
        [0.0078, 0.0152, 0.0468, 0.7815, 0.1487]], device='mps:0')
tensor([0., 1., 1., 1., 1., 0., 0., 0., 0., 3., 0., 0., 0., 0., 0., 3.])
completed batch 70
tensor([[0.6004, 0.1035, 0.0924, 0.0974, 0.1063],
        [0.0117, 0.0193, 0.7277, 0.1536, 0.0876],
        [0.5979, 0.1050, 0.0918, 0.0985, 0.1068],
        [0.5540, 0.1271, 0.1030, 0.1032, 0.1127],
        [0.0545, 0.5429, 0.1475, 0.1382, 0.1169],
        [0.0724, 0.5213, 0.1546, 0.1347, 0.1171],
        [0.0055, 0.0103, 0.0357, 0.8640, 0.0846],
        [0.0099, 0.0166, 0.7131, 0.1770, 0.0833],
        [0.5898, 0.1061, 0.0969, 0.1005, 0.1067],
        [0.0114, 0.0205, 0.2838, 0.5765, 0.1077],
        [0.0490, 0.5762, 0.1315, 0.1320, 0.1112],
        [0.3834, 0.2074, 0.1467, 0.1312, 0.1313],
        [0.0482, 0.5237, 0.1670, 0.1421, 0.1189],
        [0.0518, 0.5931, 0.1222, 0.1186, 0.1143],
        [0.0134, 0.0240, 0.6234, 0.2341, 0.1052],
        [0.0535, 0.5876, 0.1267, 0.1222, 0.1100]], device='mps:0')
tensor([0., 1., 0., 0., 0., 0., 4., 0., 0., 1., 0., 0., 0., 0., 1., 3.])
completed batch 80
tensor([[0.5774, 0.1097, 0.0998, 0.1031, 0.1099],
        [0.0736, 0.5265, 0.1544, 0.1269, 0.1186],
        [0.0950, 0.4808, 0.1587, 0.1404, 0.1251],
        [0.0926, 0.4860, 0.1634, 0.1348, 0.1232],
        [0.1752, 0.3717, 0.1767, 0.1451, 0.1313],
        [0.5826, 0.1078, 0.0970, 0.1033, 0.1092],
        [0.3548, 0.2309, 0.1494, 0.1350, 0.1300],
        [0.5760, 0.1121, 0.0964, 0.1029, 0.1125],
        [0.1838, 0.3522, 0.1788, 0.1514, 0.1339],
        [0.6018, 0.1016, 0.0921, 0.0971, 0.1074],
        [0.5856, 0.1071, 0.0965, 0.1013, 0.1094],
        [0.5839, 0.1076, 0.1004, 0.1019, 0.1063],
        [0.0500, 0.5819, 0.1298, 0.1270, 0.1113],
        [0.0467, 0.5917, 0.1315, 0.1246, 0.1055],
        [0.0082, 0.0177, 0.0720, 0.7935, 0.1087],
        [0.0068, 0.0133, 0.0562, 0.8368, 0.0868]], device='mps:0')
tensor([0., 1., 0., 0., 0., 0., 0., 0., 0., 0., 0., 0., 1., 0., 4., 1.])
completed batch 90
tensor([[0.0503, 0.5761, 0.1362, 0.1292, 0.1082],
        [0.0115, 0.0225, 0.5063, 0.3579, 0.1018],
        [0.0114, 0.0215, 0.2960, 0.5636, 0.1075],
        [0.5820, 0.1094, 0.0978, 0.1036, 0.1072],
        [0.5626, 0.1157, 0.1047, 0.1067, 0.1102],
        [0.0677, 0.5269, 0.1542, 0.1310, 0.1201],
        [0.0167, 0.0268, 0.7314, 0.1384, 0.0867],
        [0.0102, 0.0188, 0.6754, 0.1992, 0.0964],
        [0.1895, 0.3667, 0.1711, 0.1435, 0.1292],
        [0.5874, 0.1054, 0.0968, 0.1029, 0.1074],
        [0.0107, 0.0177, 0.7468, 0.1416, 0.0833],
        [0.0216, 0.0527, 0.6839, 0.1408, 0.1010],
        [0.5765, 0.1108, 0.0981, 0.1033, 0.1113],
        [0.4024, 0.1923, 0.1452, 0.1362, 0.1240],
        [0.5816, 0.1093, 0.0954, 0.1015, 0.1122],
        [0.0116, 0.0186, 0.0540, 0.6732, 0.2427]], device='mps:0')
tensor([0., 3., 1., 0., 0., 0., 1., 0., 1., 0., 2., 1., 0., 0., 0., 1.])
completed batch 100
tensor([[0.0231, 0.0442, 0.6536, 0.1720, 0.1072],
        [0.5800, 0.1093, 0.0961, 0.1044, 0.1102],
        [0.0552, 0.5591, 0.1426, 0.1291, 0.1140],
        [0.5793, 0.1097, 0.0987, 0.1047, 0.1076],
        [0.0526, 0.5568, 0.1436, 0.1298, 0.1172],
        [0.5782, 0.1078, 0.1007, 0.1044, 0.1089],
        [0.5776, 0.1096, 0.1000, 0.1030, 0.1098],
        [0.5981, 0.1042, 0.0915, 0.0971, 0.1091],
        [0.0455, 0.6017, 0.1222, 0.1224, 0.1082],
        [0.5785, 0.1103, 0.0990, 0.1027, 0.1095],
        [0.5795, 0.1109, 0.0972, 0.1023, 0.1102],
        [0.5793, 0.1099, 0.0987, 0.1027, 0.1093],
        [0.5802, 0.1078, 0.0995, 0.1039, 0.1085],
        [0.0883, 0.4942, 0.1575, 0.1395, 0.1205],
        [0.5634, 0.1206, 0.1047, 0.1011, 0.1102],
        [0.5797, 0.1097, 0.0985, 0.1023, 0.1097]], device='mps:0')
tensor([0., 0., 0., 0., 0., 0., 0., 0., 0., 0., 0., 0., 0., 1., 0., 0.])
completed batch 110
tensor([[0.5765, 0.1114, 0.0979, 0.1037, 0.1104],
        [0.0119, 0.0202, 0.5566, 0.3050, 0.1063],
        [0.0095, 0.0130, 0.7911, 0.1132, 0.0732],
        [0.5931, 0.1055, 0.0949, 0.0977, 0.1088],
        [0.0481, 0.5728, 0.1360, 0.1324, 0.1107],
        [0.0504, 0.5894, 0.1288, 0.1212, 0.1103],
        [0.0547, 0.5451, 0.1488, 0.1346, 0.1167],
        [0.0072, 0.0127, 0.0351, 0.8073, 0.1377],
        [0.0525, 0.5652, 0.1400, 0.1300, 0.1123],
        [0.0367, 0.0979, 0.5138, 0.2056, 0.1460],
        [0.0525, 0.5399, 0.1473, 0.1385, 0.1218],
        [0.5758, 0.1090, 0.1014, 0.1037, 0.1100],
        [0.1106, 0.4568, 0.1661, 0.1378, 0.1286],
        [0.0512, 0.5498, 0.1535, 0.1315, 0.1139],
        [0.5780, 0.1095, 0.0978, 0.1026, 0.1119],
        [0.5881, 0.1054, 0.0964, 0.1005, 0.1096]], device='mps:0')
tensor([0., 0., 0., 1., 0., 0., 0., 2., 4., 0., 3., 0., 0., 0., 0., 0.])
completed batch 120
tensor([[0.0481, 0.5719, 0.1398, 0.1301, 0.1101],
        [0.5872, 0.1062, 0.0995, 0.0967, 0.1104],
        [0.5747, 0.1118, 0.0964, 0.1042, 0.1130],
        [0.0098, 0.0188, 0.6763, 0.2024, 0.0926],
        [0.5770, 0.1080, 0.0996, 0.1034, 0.1120],
        [0.0507, 0.5433, 0.1473, 0.1400, 0.1187],
        [0.0104, 0.0196, 0.7373, 0.1485, 0.0843],
        [0.5870, 0.1074, 0.0973, 0.1018, 0.1065],
        [0.0444, 0.3152, 0.3134, 0.1865, 0.1405],
        [0.5852, 0.1076, 0.0967, 0.1030, 0.1076],
        [0.5745, 0.1129, 0.0953, 0.1046, 0.1127],
        [0.0832, 0.5083, 0.1547, 0.1347, 0.1190],
        [0.5756, 0.1116, 0.0937, 0.1076, 0.1115],
        [0.5468, 0.1211, 0.1048, 0.1089, 0.1184],
        [0.0107, 0.0190, 0.6281, 0.2451, 0.0971],
        [0.5621, 0.1131, 0.1041, 0.1068, 0.1139]], device='mps:0')
tensor([1., 0., 0., 3., 0., 0., 0., 0., 1., 0., 0., 0., 0., 0., 4., 0.])
completed batch 130
Evaluation finished!

[[1607  286]
 [  30  169]]
              precision    recall  f1-score   support

       False       0.98      0.85      0.91      1893
        True       0.37      0.85      0.52       199

    accuracy                           0.85      2092
   macro avg       0.68      0.85      0.71      2092
weighted avg       0.92      0.85      0.87      2092

