tensor([[0.5661, 0.1152, 0.1004, 0.1077, 0.1105],
        [0.5808, 0.1133, 0.0973, 0.1015, 0.1071],
        [0.0454, 0.5898, 0.1351, 0.1221, 0.1076],
        [0.0418, 0.2453, 0.3937, 0.1744, 0.1448],
        [0.0444, 0.5845, 0.1378, 0.1265, 0.1068],
        [0.5738, 0.1148, 0.0996, 0.1026, 0.1091],
        [0.5688, 0.1160, 0.0972, 0.1063, 0.1117],
        [0.2064, 0.3467, 0.1740, 0.1427, 0.1302],
        [0.5783, 0.1137, 0.1009, 0.1025, 0.1046],
        [0.0094, 0.0201, 0.0638, 0.7718, 0.1349],
        [0.0412, 0.6017, 0.1279, 0.1230, 0.1062],
        [0.5767, 0.1152, 0.0978, 0.1025, 0.1078],
        [0.0447, 0.5925, 0.1209, 0.1325, 0.1093],
        [0.0149, 0.0358, 0.2817, 0.5252, 0.1425],
        [0.5730, 0.1121, 0.1000, 0.1044, 0.1105],
        [0.0430, 0.6002, 0.1291, 0.1191, 0.1085]], device='mps:0')
tensor([1., 0., 1., 1., 0., 0., 0., 0., 0., 1., 3., 0., 4., 0., 0., 0.])
completed batch 10
tensor([[0.5781, 0.1109, 0.1006, 0.1010, 0.1094],
        [0.5891, 0.1103, 0.0934, 0.1016, 0.1056],
        [0.0619, 0.5555, 0.1528, 0.1230, 0.1068],
        [0.0255, 0.0763, 0.5836, 0.1853, 0.1293],
        [0.0418, 0.5838, 0.1415, 0.1260, 0.1069],
        [0.0411, 0.6021, 0.1283, 0.1209, 0.1076],
        [0.0129, 0.0265, 0.1267, 0.7009, 0.1331],
        [0.0065, 0.0106, 0.0258, 0.0529, 0.9041],
        [0.0102, 0.0192, 0.0689, 0.7860, 0.1158],
        [0.0108, 0.0234, 0.6812, 0.1825, 0.1020],
        [0.0109, 0.0230, 0.6590, 0.2030, 0.1041],
        [0.5676, 0.1127, 0.1010, 0.1074, 0.1113],
        [0.0411, 0.2513, 0.3965, 0.1710, 0.1401],
        [0.5761, 0.1107, 0.0993, 0.1041, 0.1099],
        [0.5853, 0.1067, 0.1007, 0.1005, 0.1068],
        [0.5805, 0.1099, 0.0999, 0.1012, 0.1085]], device='mps:0')
tensor([0., 0., 4., 1., 0., 0., 1., 0., 3., 0., 0., 0., 0., 0., 0., 0.])
completed batch 20
tensor([[0.0430, 0.5938, 0.1257, 0.1260, 0.1114],
        [0.0430, 0.6028, 0.1253, 0.1214, 0.1076],
        [0.0107, 0.0254, 0.6238, 0.2280, 0.1120],
        [0.4539, 0.1681, 0.1360, 0.1241, 0.1178],
        [0.0460, 0.5992, 0.1232, 0.1270, 0.1048],
        [0.0454, 0.6047, 0.1233, 0.1208, 0.1059],
        [0.5745, 0.1128, 0.0978, 0.1051, 0.1098],
        [0.5719, 0.1125, 0.0976, 0.1069, 0.1111],
        [0.5686, 0.1124, 0.1023, 0.1063, 0.1103],
        [0.5730, 0.1169, 0.0964, 0.1046, 0.1091],
        [0.0127, 0.0234, 0.1270, 0.7037, 0.1332],
        [0.5678, 0.1128, 0.1012, 0.1053, 0.1130],
        [0.5691, 0.1128, 0.1022, 0.1064, 0.1095],
        [0.5883, 0.1096, 0.0972, 0.0974, 0.1075],
        [0.5682, 0.1143, 0.1002, 0.1070, 0.1103],
        [0.5815, 0.1094, 0.1005, 0.1015, 0.1071]], device='mps:0')
tensor([0., 0., 0., 0., 0., 0., 0., 0., 0., 0., 0., 0., 0., 0., 0., 0.])
completed batch 30
tensor([[0.0430, 0.6045, 0.1295, 0.1192, 0.1038],
        [0.5689, 0.1131, 0.0968, 0.1111, 0.1101],
        [0.5807, 0.1080, 0.1080, 0.1010, 0.1022],
        [0.5614, 0.1181, 0.1007, 0.1088, 0.1110],
        [0.0434, 0.5568, 0.1478, 0.1346, 0.1174],
        [0.5689, 0.1148, 0.0992, 0.1066, 0.1104],
        [0.0428, 0.5840, 0.1328, 0.1280, 0.1123],
        [0.5721, 0.1150, 0.0986, 0.1035, 0.1107],
        [0.3640, 0.2207, 0.1543, 0.1346, 0.1264],
        [0.5807, 0.1118, 0.0969, 0.1020, 0.1087],
        [0.5744, 0.1064, 0.0991, 0.1094, 0.1107],
        [0.0454, 0.5897, 0.1309, 0.1242, 0.1098],
        [0.0281, 0.0822, 0.6025, 0.1558, 0.1313],
        [0.5776, 0.1149, 0.0971, 0.1037, 0.1068],
        [0.5817, 0.1096, 0.0980, 0.1019, 0.1087],
        [0.5871, 0.1069, 0.0965, 0.1006, 0.1089]], device='mps:0')
tensor([0., 0., 0., 0., 0., 0., 0., 0., 0., 0., 0., 0., 0., 0., 0., 0.])
completed batch 40
tensor([[0.5888, 0.1061, 0.0972, 0.0993, 0.1086],
        [0.5693, 0.1134, 0.1011, 0.1078, 0.1084],
        [0.5865, 0.1118, 0.0966, 0.0989, 0.1063],
        [0.5858, 0.1089, 0.0967, 0.1010, 0.1077],
        [0.5709, 0.1125, 0.1015, 0.1063, 0.1089],
        [0.5807, 0.1125, 0.0981, 0.1007, 0.1079],
        [0.5832, 0.1110, 0.0986, 0.0999, 0.1072],
        [0.0034, 0.0051, 0.0130, 0.0273, 0.9512],
        [0.0432, 0.6003, 0.1268, 0.1206, 0.1091],
        [0.0462, 0.4539, 0.2134, 0.1512, 0.1352],
        [0.5868, 0.1127, 0.0989, 0.0968, 0.1048],
        [0.5745, 0.1132, 0.0964, 0.1064, 0.1095],
        [0.5691, 0.1139, 0.1024, 0.1025, 0.1121],
        [0.0480, 0.5919, 0.1352, 0.1214, 0.1035],
        [0.5750, 0.1118, 0.0998, 0.1046, 0.1087],
        [0.5622, 0.1167, 0.0990, 0.1097, 0.1124]], device='mps:0')
tensor([3., 0., 0., 0., 0., 0., 0., 4., 0., 0., 0., 0., 0., 0., 0., 0.])
completed batch 50
tensor([[0.0651, 0.5541, 0.1509, 0.1234, 0.1065],
        [0.0119, 0.0254, 0.6593, 0.1974, 0.1060],
        [0.1162, 0.4488, 0.1692, 0.1397, 0.1261],
        [0.0411, 0.6034, 0.1210, 0.1276, 0.1070],
        [0.5738, 0.1118, 0.1006, 0.1051, 0.1086],
        [0.5841, 0.1107, 0.0972, 0.1019, 0.1062],
        [0.5240, 0.1381, 0.1162, 0.1105, 0.1111],
        [0.5031, 0.1485, 0.1240, 0.1140, 0.1105],
        [0.3274, 0.2436, 0.1615, 0.1390, 0.1285],
        [0.5848, 0.1135, 0.0977, 0.1003, 0.1037],
        [0.5866, 0.1123, 0.0966, 0.0991, 0.1054],
        [0.5752, 0.1135, 0.0972, 0.1050, 0.1091],
        [0.5823, 0.1139, 0.0987, 0.1005, 0.1045],
        [0.5636, 0.1184, 0.0985, 0.1082, 0.1112],
        [0.0966, 0.4891, 0.1616, 0.1333, 0.1193],
        [0.5752, 0.1140, 0.1006, 0.1017, 0.1084]], device='mps:0')
tensor([0., 3., 0., 0., 0., 0., 0., 0., 0., 0., 0., 0., 1., 0., 0., 0.])
completed batch 60
tensor([[0.5553, 0.1179, 0.1012, 0.1122, 0.1133],
        [0.0468, 0.5839, 0.1369, 0.1227, 0.1096],
        [0.0420, 0.4885, 0.2056, 0.1384, 0.1254],
        [0.0113, 0.0244, 0.6567, 0.1982, 0.1094],
        [0.0333, 0.1598, 0.4807, 0.1907, 0.1355],
        [0.5689, 0.1131, 0.0969, 0.1105, 0.1106],
        [0.5655, 0.1155, 0.1006, 0.1073, 0.1111],
        [0.0131, 0.0275, 0.6954, 0.1572, 0.1068],
        [0.5720, 0.1144, 0.1002, 0.1044, 0.1089],
        [0.0100, 0.0200, 0.0753, 0.7718, 0.1228],
        [0.0195, 0.0385, 0.6639, 0.1626, 0.1155],
        [0.0470, 0.5898, 0.1240, 0.1291, 0.1102],
        [0.1226, 0.4602, 0.1659, 0.1320, 0.1193],
        [0.5838, 0.1101, 0.0987, 0.1009, 0.1066],
        [0.5750, 0.1100, 0.0990, 0.1058, 0.1101],
        [0.0110, 0.0220, 0.0506, 0.6743, 0.2421]], device='mps:0')
tensor([0., 1., 1., 1., 1., 0., 0., 0., 0., 3., 0., 0., 0., 0., 0., 3.])
completed batch 70
tensor([[0.5842, 0.1082, 0.0991, 0.1012, 0.1073],
        [0.0390, 0.1869, 0.4272, 0.1899, 0.1571],
        [0.5737, 0.1146, 0.1003, 0.1014, 0.1100],
        [0.5799, 0.1161, 0.0977, 0.1009, 0.1054],
        [0.0442, 0.5891, 0.1332, 0.1239, 0.1096],
        [0.0412, 0.6043, 0.1225, 0.1210, 0.1110],
        [0.0140, 0.0340, 0.2854, 0.5303, 0.1363],
        [0.0285, 0.0891, 0.5929, 0.1610, 0.1286],
        [0.5679, 0.1120, 0.1002, 0.1096, 0.1103],
        [0.0143, 0.0350, 0.4948, 0.3126, 0.1433],
        [0.0450, 0.5958, 0.1276, 0.1211, 0.1104],
        [0.5670, 0.1146, 0.1023, 0.1062, 0.1099],
        [0.0436, 0.6194, 0.1155, 0.1159, 0.1056],
        [0.0415, 0.5976, 0.1235, 0.1267, 0.1107],
        [0.0106, 0.0218, 0.0872, 0.7632, 0.1172],
        [0.5914, 0.1062, 0.0993, 0.0980, 0.1050]], device='mps:0')
tensor([0., 1., 0., 0., 0., 0., 4., 0., 0., 1., 0., 0., 0., 0., 1., 3.])
completed batch 80
tensor([[0.5701, 0.1143, 0.0977, 0.1087, 0.1092],
        [0.5811, 0.1102, 0.1038, 0.1010, 0.1040],
        [0.0415, 0.5929, 0.1282, 0.1260, 0.1114],
        [0.5856, 0.1126, 0.0992, 0.0983, 0.1044],
        [0.5775, 0.1116, 0.0997, 0.1022, 0.1090],
        [0.5652, 0.1153, 0.1024, 0.1055, 0.1116],
        [0.5799, 0.1138, 0.0984, 0.1008, 0.1072],
        [0.5851, 0.1120, 0.0980, 0.1008, 0.1041],
        [0.5952, 0.1051, 0.0975, 0.1000, 0.1021],
        [0.5595, 0.1159, 0.1016, 0.1101, 0.1130],
        [0.5777, 0.1147, 0.0990, 0.1025, 0.1061],
        [0.5614, 0.1194, 0.1002, 0.1069, 0.1121],
        [0.0421, 0.5970, 0.1281, 0.1242, 0.1085],
        [0.0400, 0.2136, 0.4097, 0.1844, 0.1523],
        [0.0149, 0.0388, 0.4586, 0.3559, 0.1319],
        [0.0155, 0.0361, 0.2903, 0.4952, 0.1629]], device='mps:0')
tensor([0., 1., 0., 0., 0., 0., 0., 0., 0., 0., 0., 0., 1., 0., 4., 1.])
completed batch 90
tensor([[0.0398, 0.6107, 0.1246, 0.1179, 0.1070],
        [0.0138, 0.0297, 0.2873, 0.5300, 0.1392],
        [0.0125, 0.0349, 0.6068, 0.2326, 0.1132],
        [0.5721, 0.1122, 0.0997, 0.1072, 0.1088],
        [0.5808, 0.1106, 0.1000, 0.0993, 0.1093],
        [0.0460, 0.5985, 0.1269, 0.1211, 0.1074],
        [0.0413, 0.6065, 0.1243, 0.1221, 0.1058],
        [0.0149, 0.0330, 0.6691, 0.1657, 0.1172],
        [0.0420, 0.5882, 0.1343, 0.1265, 0.1089],
        [0.5742, 0.1099, 0.0976, 0.1083, 0.1100],
        [0.0386, 0.5782, 0.1381, 0.1322, 0.1129],
        [0.0436, 0.5850, 0.1351, 0.1245, 0.1117],
        [0.5722, 0.1126, 0.1011, 0.1041, 0.1099],
        [0.0589, 0.5650, 0.1495, 0.1215, 0.1051],
        [0.5807, 0.1085, 0.1003, 0.1027, 0.1078],
        [0.0109, 0.0195, 0.0424, 0.1653, 0.7619]], device='mps:0')
tensor([0., 3., 1., 0., 0., 0., 1., 0., 1., 0., 2., 1., 0., 0., 0., 1.])
completed batch 100
tensor([[0.0447, 0.5898, 0.1363, 0.1235, 0.1058],
        [0.5813, 0.1109, 0.1007, 0.0998, 0.1073],
        [0.0422, 0.6066, 0.1255, 0.1226, 0.1031],
        [0.5672, 0.1138, 0.1015, 0.1075, 0.1100],
        [0.0421, 0.6103, 0.1240, 0.1201, 0.1034],
        [0.5759, 0.1114, 0.1000, 0.1028, 0.1099],
        [0.5807, 0.1118, 0.0986, 0.1000, 0.1089],
        [0.5777, 0.1127, 0.0981, 0.1002, 0.1114],
        [0.5892, 0.1076, 0.0980, 0.0991, 0.1062],
        [0.5654, 0.1157, 0.0993, 0.1096, 0.1100],
        [0.3132, 0.2618, 0.1586, 0.1365, 0.1300],
        [0.5972, 0.1038, 0.0981, 0.0975, 0.1034],
        [0.5651, 0.1150, 0.1004, 0.1079, 0.1116],
        [0.0438, 0.5997, 0.1279, 0.1214, 0.1072],
        [0.5694, 0.1105, 0.1033, 0.1071, 0.1098],
        [0.5732, 0.1119, 0.0994, 0.1050, 0.1105]], device='mps:0')
tensor([0., 0., 0., 0., 0., 0., 0., 0., 0., 0., 0., 0., 0., 1., 0., 0.])
completed batch 110
tensor([[0.5879, 0.1102, 0.0987, 0.0980, 0.1052],
        [0.0160, 0.0336, 0.6666, 0.1735, 0.1103],
        [0.0374, 0.1900, 0.4572, 0.1725, 0.1428],
        [0.5811, 0.1148, 0.0986, 0.0992, 0.1063],
        [0.0448, 0.3134, 0.3194, 0.1725, 0.1499],
        [0.5962, 0.1046, 0.0984, 0.0994, 0.1014],
        [0.3332, 0.2469, 0.1549, 0.1396, 0.1254],
        [0.0134, 0.0318, 0.5252, 0.2981, 0.1316],
        [0.0422, 0.5944, 0.1287, 0.1243, 0.1104],
        [0.0398, 0.6135, 0.1260, 0.1153, 0.1054],
        [0.0425, 0.6008, 0.1315, 0.1203, 0.1049],
        [0.5668, 0.1139, 0.1000, 0.1092, 0.1102],
        [0.6024, 0.1038, 0.0943, 0.0971, 0.1023],
        [0.5178, 0.1398, 0.1206, 0.1133, 0.1085],
        [0.5617, 0.1172, 0.1004, 0.1077, 0.1130],
        [0.5801, 0.1122, 0.0965, 0.1025, 0.1087]], device='mps:0')
tensor([0., 0., 0., 1., 0., 0., 0., 2., 4., 0., 3., 0., 0., 0., 0., 0.])
completed batch 120
tensor([[0.5798, 0.1138, 0.1003, 0.1009, 0.1051],
        [0.5796, 0.1172, 0.0941, 0.1016, 0.1075],
        [0.5783, 0.1086, 0.1001, 0.1034, 0.1096],
        [0.0122, 0.0294, 0.5758, 0.2611, 0.1215],
        [0.5718, 0.1126, 0.0973, 0.1062, 0.1122],
        [0.0448, 0.5939, 0.1230, 0.1277, 0.1105],
        [0.0119, 0.0347, 0.5088, 0.3263, 0.1182],
        [0.5670, 0.1135, 0.0983, 0.1099, 0.1114],
        [0.0431, 0.6016, 0.1304, 0.1174, 0.1075],
        [0.5825, 0.1074, 0.0973, 0.1063, 0.1065],
        [0.5714, 0.1127, 0.1029, 0.1047, 0.1084],
        [0.4436, 0.1731, 0.1389, 0.1257, 0.1187],
        [0.5853, 0.1103, 0.0950, 0.1011, 0.1082],
        [0.5768, 0.1086, 0.1027, 0.1020, 0.1100],
        [0.0421, 0.3115, 0.3209, 0.1764, 0.1490],
        [0.5782, 0.1102, 0.1020, 0.1017, 0.1079]], device='mps:0')
tensor([1., 0., 0., 3., 0., 0., 0., 0., 1., 0., 0., 0., 0., 0., 4., 0.])
completed batch 130
Evaluation finished!

[[1642  251]
 [  37  162]]
              precision    recall  f1-score   support

       False       0.98      0.87      0.92      1893
        True       0.39      0.81      0.53       199

    accuracy                           0.86      2092
   macro avg       0.69      0.84      0.72      2092
weighted avg       0.92      0.86      0.88      2092

