tensor([[0.5590, 0.1186, 0.1033, 0.1034, 0.1157],
        [0.0428, 0.3006, 0.3323, 0.1868, 0.1374],
        [0.0423, 0.5913, 0.1290, 0.1278, 0.1096],
        [0.5759, 0.1081, 0.1066, 0.0965, 0.1128],
        [0.4340, 0.1824, 0.1380, 0.1228, 0.1228],
        [0.5720, 0.1139, 0.1011, 0.1055, 0.1075],
        [0.0120, 0.0310, 0.2502, 0.5867, 0.1202],
        [0.5518, 0.1239, 0.1045, 0.1040, 0.1158],
        [0.5882, 0.1085, 0.0925, 0.1003, 0.1105],
        [0.5822, 0.1090, 0.1109, 0.0976, 0.1003],
        [0.5750, 0.1101, 0.1009, 0.1044, 0.1096],
        [0.5760, 0.1105, 0.0995, 0.1023, 0.1117],
        [0.5768, 0.1110, 0.1027, 0.0997, 0.1098],
        [0.3835, 0.2071, 0.1563, 0.1282, 0.1249],
        [0.0392, 0.6140, 0.1134, 0.1268, 0.1067],
        [0.0404, 0.2761, 0.3648, 0.1781, 0.1407]], device='mps:0')
tensor([0., 0., 0., 0., 0., 0., 1., 0., 0., 0., 0., 0., 0., 0., 0., 0.])
completed batch 10
tensor([[0.0126, 0.0287, 0.6840, 0.1871, 0.0875],
        [0.0407, 0.2961, 0.3316, 0.1969, 0.1348],
        [0.0256, 0.0823, 0.5709, 0.1954, 0.1258],
        [0.5645, 0.1183, 0.0967, 0.1068, 0.1137],
        [0.4728, 0.1597, 0.1230, 0.1238, 0.1207],
        [0.0336, 0.1896, 0.4435, 0.2011, 0.1323],
        [0.5971, 0.1045, 0.1010, 0.0951, 0.1023],
        [0.5656, 0.1109, 0.1033, 0.1069, 0.1133],
        [0.5719, 0.1107, 0.0996, 0.1041, 0.1137],
        [0.0436, 0.5823, 0.1339, 0.1337, 0.1065],
        [0.0416, 0.5994, 0.1322, 0.1202, 0.1066],
        [0.0540, 0.5774, 0.1360, 0.1219, 0.1106],
        [0.0355, 0.6053, 0.1322, 0.1207, 0.1063],
        [0.0028, 0.0055, 0.0101, 0.0152, 0.9664],
        [0.5639, 0.1163, 0.1033, 0.1047, 0.1117],
        [0.5696, 0.1102, 0.1080, 0.1018, 0.1103]], device='mps:0')
tensor([0., 0., 4., 0., 0., 0., 0., 0., 0., 0., 0., 0., 0., 0., 0., 0.])
completed batch 20
tensor([[0.5789, 0.1149, 0.1001, 0.0993, 0.1068],
        [0.5741, 0.1106, 0.0994, 0.1053, 0.1107],
        [0.0098, 0.0248, 0.7274, 0.1570, 0.0810],
        [0.0104, 0.0224, 0.0345, 0.1966, 0.7361],
        [0.0285, 0.1009, 0.5486, 0.1968, 0.1252],
        [0.0109, 0.0175, 0.7099, 0.1846, 0.0771],
        [0.0078, 0.0197, 0.0819, 0.8022, 0.0884],
        [0.5880, 0.1059, 0.1001, 0.0994, 0.1065],
        [0.5886, 0.1083, 0.1000, 0.1008, 0.1023],
        [0.0117, 0.0277, 0.2567, 0.5755, 0.1285],
        [0.0206, 0.0694, 0.6337, 0.1639, 0.1124],
        [0.0399, 0.5867, 0.1355, 0.1290, 0.1089],
        [0.0397, 0.6078, 0.1190, 0.1272, 0.1063],
        [0.5463, 0.1214, 0.1072, 0.1060, 0.1191],
        [0.5667, 0.1157, 0.1070, 0.0993, 0.1113],
        [0.0845, 0.5047, 0.1717, 0.1272, 0.1119]], device='mps:0')
tensor([0., 3., 1., 4., 0., 0., 0., 0., 0., 1., 0., 0., 1., 0., 0., 0.])
completed batch 30
tensor([[0.5678, 0.1183, 0.1066, 0.0990, 0.1083],
        [0.5872, 0.1053, 0.1036, 0.0953, 0.1085],
        [0.0117, 0.0246, 0.6803, 0.1987, 0.0846],
        [0.5873, 0.1069, 0.0978, 0.1012, 0.1068],
        [0.5756, 0.1126, 0.0981, 0.1020, 0.1117],
        [0.5900, 0.1095, 0.0955, 0.0982, 0.1068],
        [0.5791, 0.1069, 0.1024, 0.1051, 0.1065],
        [0.5716, 0.1122, 0.1014, 0.1044, 0.1104],
        [0.0352, 0.6257, 0.1144, 0.1247, 0.1000],
        [0.1779, 0.3840, 0.1625, 0.1463, 0.1293],
        [0.0123, 0.0233, 0.0442, 0.2822, 0.6379],
        [0.5629, 0.1171, 0.1012, 0.1029, 0.1159],
        [0.5727, 0.1102, 0.1037, 0.1032, 0.1102],
        [0.5752, 0.1124, 0.0986, 0.1045, 0.1093],
        [0.5732, 0.1148, 0.1038, 0.1017, 0.1064],
        [0.0393, 0.6203, 0.1145, 0.1223, 0.1037]], device='mps:0')
tensor([0., 0., 0., 0., 0., 0., 0., 0., 0., 0., 4., 0., 1., 0., 0., 0.])
completed batch 40
tensor([[0.5846, 0.1083, 0.1009, 0.0998, 0.1064],
        [0.0406, 0.5954, 0.1312, 0.1237, 0.1091],
        [0.5974, 0.1057, 0.0973, 0.0932, 0.1065],
        [0.2179, 0.3514, 0.1627, 0.1334, 0.1346],
        [0.0282, 0.1112, 0.5384, 0.1876, 0.1345],
        [0.5765, 0.1127, 0.1002, 0.1014, 0.1091],
        [0.5813, 0.1091, 0.1018, 0.1000, 0.1078],
        [0.5653, 0.1183, 0.1005, 0.1028, 0.1131],
        [0.5669, 0.1127, 0.1016, 0.1022, 0.1166],
        [0.0381, 0.1634, 0.4999, 0.1659, 0.1327],
        [0.5759, 0.1112, 0.0982, 0.1045, 0.1102],
        [0.0328, 0.1325, 0.4789, 0.2123, 0.1436],
        [0.5843, 0.1057, 0.0979, 0.0982, 0.1140],
        [0.5756, 0.1070, 0.1097, 0.0969, 0.1108],
        [0.5724, 0.1144, 0.1011, 0.1029, 0.1092],
        [0.5620, 0.1174, 0.0982, 0.1067, 0.1157]], device='mps:0')
tensor([0., 0., 0., 0., 0., 0., 0., 0., 0., 0., 0., 0., 0., 0., 0., 0.])
completed batch 50
tensor([[0.0387, 0.6026, 0.1266, 0.1268, 0.1052],
        [0.5678, 0.1125, 0.1019, 0.1056, 0.1122],
        [0.0385, 0.6199, 0.1137, 0.1163, 0.1116],
        [0.5659, 0.1145, 0.1005, 0.1051, 0.1139],
        [0.0421, 0.6113, 0.1147, 0.1231, 0.1089],
        [0.0390, 0.6119, 0.1255, 0.1198, 0.1039],
        [0.0394, 0.6068, 0.1237, 0.1214, 0.1087],
        [0.5934, 0.1114, 0.0986, 0.0909, 0.1057],
        [0.0401, 0.4386, 0.2287, 0.1690, 0.1236],
        [0.5817, 0.1150, 0.0991, 0.0977, 0.1065],
        [0.5787, 0.1132, 0.0999, 0.0975, 0.1107],
        [0.0043, 0.0082, 0.0134, 0.0222, 0.9519],
        [0.0029, 0.0056, 0.0106, 0.0142, 0.9667],
        [0.5757, 0.1067, 0.1064, 0.1016, 0.1096],
        [0.0365, 0.5941, 0.1265, 0.1371, 0.1058],
        [0.0293, 0.1230, 0.5238, 0.2057, 0.1182]], device='mps:0')
tensor([3., 0., 3., 0., 0., 1., 0., 1., 1., 0., 0., 4., 1., 0., 0., 0.])
completed batch 60
tensor([[0.5764, 0.1150, 0.1039, 0.0928, 0.1119],
        [0.0177, 0.0408, 0.6842, 0.1629, 0.0944],
        [0.5945, 0.1047, 0.0985, 0.0979, 0.1044],
        [0.5825, 0.1100, 0.1016, 0.0989, 0.1069],
        [0.2475, 0.3072, 0.1767, 0.1355, 0.1331],
        [0.5846, 0.1099, 0.0977, 0.1006, 0.1072],
        [0.0121, 0.0227, 0.0472, 0.4210, 0.4969],
        [0.0139, 0.0304, 0.6192, 0.2395, 0.0970],
        [0.5878, 0.1130, 0.1014, 0.0944, 0.1035],
        [0.5775, 0.1091, 0.1020, 0.1015, 0.1099],
        [0.5680, 0.1161, 0.1029, 0.1015, 0.1115],
        [0.5791, 0.1093, 0.0994, 0.1003, 0.1119],
        [0.5830, 0.1082, 0.1001, 0.1006, 0.1081],
        [0.5829, 0.1036, 0.1012, 0.1043, 0.1080],
        [0.5697, 0.1147, 0.0992, 0.1028, 0.1136],
        [0.2068, 0.3530, 0.1673, 0.1417, 0.1313]], device='mps:0')
tensor([0., 0., 0., 0., 0., 0., 1., 0., 0., 0., 0., 0., 0., 0., 0., 0.])
completed batch 70
tensor([[0.5579, 0.1239, 0.1032, 0.1014, 0.1136],
        [0.3648, 0.2176, 0.1493, 0.1332, 0.1351],
        [0.0418, 0.6070, 0.1142, 0.1252, 0.1117],
        [0.5703, 0.1157, 0.1031, 0.1009, 0.1100],
        [0.5678, 0.1161, 0.0980, 0.1070, 0.1111],
        [0.0387, 0.5966, 0.1395, 0.1212, 0.1041],
        [0.4468, 0.1744, 0.1296, 0.1230, 0.1262],
        [0.5782, 0.1080, 0.0988, 0.1049, 0.1101],
        [0.0380, 0.5885, 0.1436, 0.1244, 0.1055],
        [0.5779, 0.1101, 0.1049, 0.0982, 0.1088],
        [0.5872, 0.1068, 0.0952, 0.0997, 0.1111],
        [0.0034, 0.0059, 0.0137, 0.0184, 0.9587],
        [0.5798, 0.1128, 0.1007, 0.1022, 0.1045],
        [0.1612, 0.3994, 0.1659, 0.1482, 0.1254],
        [0.0084, 0.0194, 0.0423, 0.7299, 0.2000],
        [0.0113, 0.0271, 0.3673, 0.4760, 0.1183]], device='mps:0')
tensor([0., 0., 0., 0., 0., 0., 0., 0., 0., 0., 0., 4., 0., 0., 0., 0.])
completed batch 80
tensor([[0.0436, 0.4142, 0.2420, 0.1637, 0.1366],
        [0.0456, 0.4626, 0.2137, 0.1542, 0.1239],
        [0.5795, 0.1153, 0.1016, 0.0981, 0.1056],
        [0.5767, 0.1095, 0.1037, 0.1000, 0.1101],
        [0.5930, 0.1075, 0.0979, 0.0945, 0.1072],
        [0.5664, 0.1130, 0.1084, 0.1011, 0.1111],
        [0.5736, 0.1153, 0.1011, 0.1021, 0.1080],
        [0.5780, 0.1072, 0.0979, 0.1047, 0.1122],
        [0.4375, 0.1830, 0.1390, 0.1158, 0.1247],
        [0.0407, 0.5504, 0.1495, 0.1388, 0.1206],
        [0.1671, 0.4160, 0.1486, 0.1415, 0.1268],
        [0.5823, 0.1126, 0.1010, 0.1002, 0.1039],
        [0.5750, 0.1156, 0.1012, 0.1039, 0.1043],
        [0.0350, 0.5982, 0.1340, 0.1215, 0.1112],
        [0.5777, 0.1079, 0.1054, 0.1011, 0.1080],
        [0.5908, 0.1073, 0.0956, 0.0998, 0.1065]], device='mps:0')
tensor([0., 0., 0., 0., 0., 0., 0., 0., 0., 1., 0., 0., 0., 0., 0., 0.])
completed batch 90
tensor([[0.5795, 0.1102, 0.0990, 0.1020, 0.1092],
        [0.0199, 0.0492, 0.6450, 0.1864, 0.0994],
        [0.5891, 0.1052, 0.0989, 0.0998, 0.1070],
        [0.0703, 0.5609, 0.1388, 0.1225, 0.1076],
        [0.0344, 0.6003, 0.1344, 0.1252, 0.1057],
        [0.5651, 0.1171, 0.1006, 0.1023, 0.1148],
        [0.5775, 0.1091, 0.1052, 0.1014, 0.1068],
        [0.5507, 0.1242, 0.1060, 0.1056, 0.1135],
        [0.5743, 0.1099, 0.1039, 0.1016, 0.1103],
        [0.0102, 0.0239, 0.0881, 0.7587, 0.1191],
        [0.0481, 0.6212, 0.1232, 0.1090, 0.0985],
        [0.5881, 0.1098, 0.0980, 0.0986, 0.1055],
        [0.5762, 0.1128, 0.0996, 0.1039, 0.1075],
        [0.0095, 0.0201, 0.7225, 0.1800, 0.0678],
        [0.0119, 0.0213, 0.6198, 0.2527, 0.0944],
        [0.4642, 0.1714, 0.1310, 0.1129, 0.1204]], device='mps:0')
tensor([0., 0., 0., 0., 3., 1., 0., 0., 0., 1., 2., 0., 0., 0., 1., 0.])
completed batch 100
tensor([[0.5825, 0.1086, 0.1017, 0.1025, 0.1048],
        [0.5658, 0.1153, 0.1006, 0.1050, 0.1134],
        [0.0094, 0.0226, 0.1012, 0.7492, 0.1176],
        [0.0414, 0.5868, 0.1377, 0.1262, 0.1080],
        [0.5776, 0.1118, 0.0983, 0.1036, 0.1088],
        [0.0360, 0.5974, 0.1245, 0.1314, 0.1107],
        [0.5680, 0.1139, 0.0998, 0.1059, 0.1124],
        [0.0083, 0.0242, 0.1956, 0.6657, 0.1062],
        [0.0337, 0.6119, 0.1260, 0.1241, 0.1043],
        [0.1514, 0.4183, 0.1602, 0.1474, 0.1226],
        [0.5665, 0.1125, 0.1084, 0.1029, 0.1097],
        [0.5642, 0.1211, 0.1011, 0.1009, 0.1128],
        [0.5876, 0.1091, 0.0985, 0.1000, 0.1049],
        [0.0408, 0.5855, 0.1260, 0.1287, 0.1190],
        [0.5565, 0.1222, 0.1044, 0.1038, 0.1131],
        [0.5665, 0.1142, 0.1050, 0.1031, 0.1112]], device='mps:0')
tensor([0., 0., 1., 0., 0., 0., 0., 1., 3., 0., 0., 0., 0., 0., 0., 0.])
completed batch 110
tensor([[0.5358, 0.1245, 0.1109, 0.1114, 0.1175],
        [0.2860, 0.2728, 0.1595, 0.1427, 0.1390],
        [0.5552, 0.1258, 0.1049, 0.1027, 0.1114],
        [0.5577, 0.1210, 0.1057, 0.1009, 0.1147],
        [0.5570, 0.1217, 0.1061, 0.1062, 0.1090],
        [0.5815, 0.1101, 0.0972, 0.1020, 0.1093],
        [0.5704, 0.1151, 0.0978, 0.1045, 0.1123],
        [0.5661, 0.1156, 0.1061, 0.1002, 0.1120],
        [0.0442, 0.4566, 0.2098, 0.1611, 0.1283],
        [0.0538, 0.5563, 0.1528, 0.1228, 0.1143],
        [0.5678, 0.1208, 0.0975, 0.1018, 0.1121],
        [0.5761, 0.1158, 0.1002, 0.1002, 0.1077],
        [0.3393, 0.2513, 0.1462, 0.1298, 0.1335],
        [0.0428, 0.4231, 0.2361, 0.1619, 0.1361],
        [0.0075, 0.0126, 0.0217, 0.0621, 0.8961],
        [0.0109, 0.0210, 0.0526, 0.6168, 0.2987]], device='mps:0')
tensor([0., 0., 0., 0., 0., 0., 0., 0., 0., 0., 0., 0., 0., 0., 4., 3.])
completed batch 120
tensor([[0.5776, 0.1077, 0.0996, 0.1034, 0.1117],
        [0.0428, 0.5810, 0.1412, 0.1274, 0.1076],
        [0.0467, 0.4994, 0.1715, 0.1610, 0.1215],
        [0.0092, 0.0170, 0.6835, 0.2092, 0.0811],
        [0.0920, 0.4983, 0.1623, 0.1298, 0.1176],
        [0.5615, 0.1177, 0.1047, 0.1037, 0.1124],
        [0.0392, 0.3088, 0.3489, 0.1695, 0.1336],
        [0.5669, 0.1174, 0.0991, 0.1030, 0.1136],
        [0.0616, 0.5524, 0.1460, 0.1302, 0.1097],
        [0.0123, 0.0234, 0.0542, 0.5428, 0.3673],
        [0.5760, 0.1072, 0.1057, 0.1003, 0.1108],
        [0.5417, 0.1326, 0.1110, 0.1041, 0.1105],
        [0.0126, 0.0286, 0.4994, 0.3513, 0.1082],
        [0.5721, 0.1152, 0.0962, 0.1038, 0.1127],
        [0.0101, 0.0214, 0.0568, 0.7414, 0.1702],
        [0.5721, 0.1132, 0.1010, 0.1028, 0.1109]], device='mps:0')
tensor([0., 0., 0., 3., 0., 1., 0., 0., 1., 4., 0., 0., 0., 0., 1., 1.])
completed batch 130
Evaluation finished!

[[1658  235]
 [  36  163]]
              precision    recall  f1-score   support

       False       0.98      0.88      0.92      1893
        True       0.41      0.82      0.55       199

    accuracy                           0.87      2092
   macro avg       0.69      0.85      0.74      2092
weighted avg       0.92      0.87      0.89      2092

