INFO:httpx:HTTP Request: HEAD https://huggingface.co/FacebookAI/roberta-base/resolve/main/config.json "HTTP/1.1 307 Temporary Redirect"
INFO:httpx:HTTP Request: HEAD https://huggingface.co/api/resolve-cache/models/FacebookAI/roberta-base/e2da8e2f811d1448a5b465c236feacd80ffbac7b/config.json "HTTP/1.1 200 OK"
INFO:httpx:HTTP Request: HEAD https://huggingface.co/FacebookAI/roberta-base/resolve/main/model.safetensors "HTTP/1.1 302 Found"
Loading weights: 100%|██████████| 197/197 [00:00<00:00, 2079.31it/s, Materializing param=encoder.layer.11.output.dense.weight]              
RobertaModel LOAD REPORT from: FacebookAI/roberta-base
Key                             | Status     | 
--------------------------------+------------+-
lm_head.layer_norm.bias         | UNEXPECTED | 
lm_head.dense.bias              | UNEXPECTED | 
lm_head.layer_norm.weight       | UNEXPECTED | 
lm_head.dense.weight            | UNEXPECTED | 
roberta.embeddings.position_ids | UNEXPECTED | 
lm_head.bias                    | UNEXPECTED | 
pooler.dense.bias               | MISSING    | 
pooler.dense.weight             | MISSING    | 

Notes:
- UNEXPECTED	:can be ignored when loading from different task/architecture; not ok if you expect identical arch.
- MISSING	:those params were newly initialized because missing from the checkpoint. Consider training on your downstream task.
tensor([[0.5837, 0.1057, 0.0962, 0.1165, 0.0979],
        [0.0617, 0.5563, 0.1373, 0.1268, 0.1179],
        [0.0302, 0.0847, 0.5547, 0.1661, 0.1643],
        [0.5783, 0.1056, 0.1022, 0.1164, 0.0974],
        [0.0477, 0.1824, 0.4639, 0.1485, 0.1575],
        [0.5835, 0.1023, 0.1004, 0.1128, 0.1010],
        [0.0529, 0.5690, 0.1339, 0.1219, 0.1224],
        [0.0559, 0.5534, 0.1293, 0.1292, 0.1323],
        [0.1597, 0.4031, 0.1716, 0.1420, 0.1235],
        [0.5836, 0.1053, 0.1008, 0.1102, 0.1001],
        [0.0162, 0.0370, 0.5008, 0.2463, 0.1997],
        [0.5752, 0.1077, 0.1025, 0.1137, 0.1009],
        [0.0479, 0.6433, 0.0895, 0.1052, 0.1141],
        [0.0104, 0.0132, 0.8375, 0.0504, 0.0885],
        [0.0576, 0.5704, 0.1212, 0.1252, 0.1257],
        [0.0579, 0.5813, 0.1200, 0.1208, 0.1200]], device='mps:0')
tensor([0., 0., 0., 0., 1., 0., 0., 0., 0., 0., 0., 0., 0., 3., 4., 0.])
completed batch 10
tensor([[0.5483, 0.1219, 0.1144, 0.1137, 0.1018],
        [0.5742, 0.1066, 0.1011, 0.1179, 0.1002],
        [0.0498, 0.1971, 0.3827, 0.1685, 0.2020],
        [0.0569, 0.2470, 0.3163, 0.1972, 0.1827],
        [0.5843, 0.1037, 0.1017, 0.1099, 0.1005],
        [0.5701, 0.1080, 0.1086, 0.1122, 0.1012],
        [0.5703, 0.1104, 0.1027, 0.1144, 0.1023],
        [0.2342, 0.3277, 0.1613, 0.1477, 0.1291],
        [0.0229, 0.0531, 0.6874, 0.1205, 0.1161],
        [0.5797, 0.1067, 0.1025, 0.1119, 0.0992],
        [0.5652, 0.1074, 0.1057, 0.1188, 0.1029],
        [0.5803, 0.1064, 0.1007, 0.1126, 0.1001],
        [0.5788, 0.1040, 0.1024, 0.1143, 0.1005],
        [0.5776, 0.1068, 0.1010, 0.1145, 0.1001],
        [0.0567, 0.5966, 0.1128, 0.1212, 0.1126],
        [0.0179, 0.0369, 0.6213, 0.1571, 0.1668]], device='mps:0')
tensor([0., 0., 4., 0., 0., 0., 0., 0., 0., 0., 0., 0., 0., 0., 0., 1.])
completed batch 20
tensor([[0.5721, 0.1096, 0.1068, 0.1092, 0.1023],
        [0.5811, 0.0994, 0.1001, 0.1177, 0.1016],
        [0.5771, 0.1050, 0.1015, 0.1173, 0.0991],
        [0.0618, 0.2920, 0.3437, 0.1361, 0.1665],
        [0.5738, 0.1058, 0.1008, 0.1166, 0.1031],
        [0.5893, 0.1027, 0.1037, 0.1048, 0.0995],
        [0.0551, 0.5911, 0.1157, 0.1207, 0.1174],
        [0.0478, 0.2020, 0.4588, 0.1408, 0.1505],
        [0.1046, 0.4916, 0.1553, 0.1291, 0.1194],
        [0.0641, 0.5476, 0.1429, 0.1230, 0.1225],
        [0.5763, 0.1032, 0.1051, 0.1107, 0.1047],
        [0.0593, 0.5378, 0.1312, 0.1371, 0.1346],
        [0.5734, 0.1073, 0.1006, 0.1151, 0.1036],
        [0.0547, 0.6302, 0.0905, 0.1114, 0.1132],
        [0.0608, 0.5806, 0.1196, 0.1179, 0.1210],
        [0.0275, 0.0625, 0.4332, 0.2824, 0.1943]], device='mps:0')
tensor([0., 0., 0., 0., 0., 0., 0., 1., 0., 0., 0., 0., 0., 1., 0., 3.])
completed batch 30
tensor([[0.0559, 0.5698, 0.1436, 0.1210, 0.1096],
        [0.5751, 0.1061, 0.1034, 0.1159, 0.0995],
        [0.0045, 0.0070, 0.0074, 0.9386, 0.0425],
        [0.5789, 0.1053, 0.1007, 0.1165, 0.0986],
        [0.3923, 0.2059, 0.1449, 0.1383, 0.1186],
        [0.5805, 0.1047, 0.1017, 0.1118, 0.1013],
        [0.5843, 0.1059, 0.0971, 0.1081, 0.1047],
        [0.0571, 0.5409, 0.1346, 0.1362, 0.1312],
        [0.5709, 0.1077, 0.1053, 0.1145, 0.1017],
        [0.5704, 0.1102, 0.1026, 0.1159, 0.1010],
        [0.4523, 0.1602, 0.1370, 0.1353, 0.1151],
        [0.0329, 0.0953, 0.5638, 0.1485, 0.1595],
        [0.5740, 0.1063, 0.1030, 0.1149, 0.1018],
        [0.0151, 0.0258, 0.6602, 0.1401, 0.1588],
        [0.5764, 0.1062, 0.1040, 0.1137, 0.0998],
        [0.5727, 0.1061, 0.1021, 0.1130, 0.1061]], device='mps:0')
tensor([3., 0., 4., 0., 0., 0., 0., 0., 0., 0., 0., 0., 0., 3., 0., 0.])
completed batch 40
tensor([[3.0616e-03, 3.6421e-03, 1.5783e-02, 1.6057e-02, 9.6146e-01],
        [5.8128e-01, 1.0322e-01, 1.0074e-01, 1.1177e-01, 1.0299e-01],
        [2.5525e-02, 5.5480e-02, 6.7312e-01, 1.1172e-01, 1.3416e-01],
        [5.7862e-01, 1.0682e-01, 1.0033e-01, 1.1182e-01, 1.0240e-01],
        [6.7794e-02, 3.3026e-01, 3.1064e-01, 1.4066e-01, 1.5064e-01],
        [6.4840e-04, 6.1187e-04, 2.4520e-03, 1.6276e-03, 9.9466e-01],
        [7.5880e-03, 1.4386e-02, 2.5414e-02, 7.4823e-01, 2.0438e-01],
        [5.7723e-01, 1.0603e-01, 1.0170e-01, 1.1409e-01, 1.0095e-01],
        [4.2614e-01, 1.8931e-01, 1.3131e-01, 1.3590e-01, 1.1734e-01],
        [5.7750e-01, 1.0728e-01, 1.0214e-01, 1.1647e-01, 9.6601e-02],
        [5.8075e-01, 1.0392e-01, 9.7808e-02, 1.1801e-01, 9.9513e-02],
        [5.7509e-01, 1.0347e-01, 1.0220e-01, 1.1906e-01, 1.0018e-01],
        [2.0578e-02, 4.0169e-02, 2.6117e-01, 4.9524e-01, 1.8285e-01],
        [5.8671e-01, 1.0093e-01, 1.0039e-01, 1.1213e-01, 9.9831e-02],
        [5.9224e-01, 1.0491e-01, 9.8651e-02, 1.0741e-01, 9.6796e-02],
        [5.9924e-01, 9.9533e-02, 9.5167e-02, 1.0737e-01, 9.8684e-02]],
       device='mps:0')
tensor([4., 0., 0., 0., 0., 4., 3., 0., 1., 0., 0., 0., 3., 0., 1., 0.])
completed batch 50
tensor([[0.0457, 0.6485, 0.0939, 0.1019, 0.1100],
        [0.5828, 0.1059, 0.0989, 0.1138, 0.0986],
        [0.0202, 0.0411, 0.2448, 0.5038, 0.1901],
        [0.5715, 0.1045, 0.1006, 0.1202, 0.1032],
        [0.0041, 0.0063, 0.0081, 0.9370, 0.0445],
        [0.0532, 0.4143, 0.2250, 0.1566, 0.1509],
        [0.0585, 0.5613, 0.1274, 0.1315, 0.1213],
        [0.0572, 0.5549, 0.1255, 0.1333, 0.1291],
        [0.0532, 0.5514, 0.1534, 0.1254, 0.1166],
        [0.5727, 0.1090, 0.1006, 0.1136, 0.1042],
        [0.5680, 0.1115, 0.1035, 0.1161, 0.1009],
        [0.0494, 0.6090, 0.1156, 0.1185, 0.1076],
        [0.5862, 0.1019, 0.1019, 0.1085, 0.1015],
        [0.5848, 0.1043, 0.0992, 0.1134, 0.0984],
        [0.0134, 0.0210, 0.7509, 0.0901, 0.1245],
        [0.0532, 0.5618, 0.1219, 0.1335, 0.1297]], device='mps:0')
tensor([0., 0., 0., 0., 0., 0., 0., 0., 0., 0., 0., 3., 0., 0., 0., 0.])
completed batch 60
tensor([[0.0488, 0.6232, 0.0967, 0.1129, 0.1183],
        [0.5757, 0.1063, 0.0998, 0.1125, 0.1057],
        [0.0545, 0.5652, 0.1214, 0.1308, 0.1281],
        [0.5694, 0.1092, 0.1011, 0.1177, 0.1026],
        [0.0620, 0.5513, 0.1410, 0.1320, 0.1138],
        [0.0088, 0.0146, 0.8131, 0.0645, 0.0989],
        [0.5827, 0.1026, 0.1026, 0.1117, 0.1005],
        [0.5751, 0.1076, 0.0981, 0.1164, 0.1029],
        [0.5868, 0.1023, 0.0978, 0.1087, 0.1044],
        [0.5361, 0.1328, 0.1064, 0.1167, 0.1080],
        [0.0097, 0.0140, 0.0330, 0.4595, 0.4839],
        [0.5804, 0.1032, 0.1025, 0.1140, 0.0999],
        [0.5805, 0.1031, 0.1022, 0.1151, 0.0992],
        [0.0571, 0.5514, 0.1303, 0.1368, 0.1244],
        [0.5793, 0.1059, 0.0999, 0.1107, 0.1041],
        [0.0591, 0.5799, 0.1316, 0.1179, 0.1114]], device='mps:0')
tensor([0., 0., 1., 0., 0., 4., 0., 0., 0., 0., 3., 0., 0., 0., 0., 0.])
completed batch 70
tensor([[0.0610, 0.5030, 0.1706, 0.1395, 0.1258],
        [0.5776, 0.1037, 0.1035, 0.1125, 0.1027],
        [0.5745, 0.1094, 0.1038, 0.1134, 0.0989],
        [0.0147, 0.0260, 0.1067, 0.7016, 0.1510],
        [0.0576, 0.5775, 0.1249, 0.1206, 0.1194],
        [0.5801, 0.1037, 0.1029, 0.1123, 0.1009],
        [0.0539, 0.5663, 0.1234, 0.1341, 0.1224],
        [0.5769, 0.1048, 0.1028, 0.1155, 0.0999],
        [0.0536, 0.5865, 0.1267, 0.1192, 0.1140],
        [0.0513, 0.5733, 0.1378, 0.1223, 0.1153],
        [0.0071, 0.0131, 0.8543, 0.0490, 0.0765],
        [0.5108, 0.1371, 0.1229, 0.1193, 0.1100],
        [0.0209, 0.0495, 0.2364, 0.4971, 0.1961],
        [0.0224, 0.0464, 0.2203, 0.5067, 0.2041],
        [0.5852, 0.1005, 0.0995, 0.1126, 0.1022],
        [0.0576, 0.5717, 0.1265, 0.1190, 0.1251]], device='mps:0')
tensor([0., 0., 0., 3., 0., 0., 0., 0., 0., 0., 0., 0., 1., 0., 0., 0.])
completed batch 80
tensor([[0.3412, 0.2260, 0.1570, 0.1467, 0.1290],
        [0.2122, 0.3469, 0.1710, 0.1462, 0.1238],
        [0.5847, 0.1014, 0.1023, 0.1123, 0.0993],
        [0.0558, 0.5657, 0.1215, 0.1321, 0.1249],
        [0.5736, 0.1092, 0.1014, 0.1152, 0.1007],
        [0.5790, 0.1044, 0.1043, 0.1132, 0.0991],
        [0.5791, 0.1055, 0.1013, 0.1119, 0.1022],
        [0.0548, 0.5937, 0.1162, 0.1208, 0.1145],
        [0.5900, 0.1018, 0.1001, 0.1098, 0.0983],
        [0.0605, 0.4459, 0.2180, 0.1308, 0.1448],
        [0.0654, 0.5504, 0.1357, 0.1254, 0.1232],
        [0.5807, 0.1040, 0.0995, 0.1151, 0.1008],
        [0.0243, 0.0481, 0.1381, 0.6224, 0.1671],
        [0.5962, 0.1009, 0.1006, 0.1047, 0.0976],
        [0.0015, 0.0013, 0.0065, 0.0045, 0.9862],
        [0.5890, 0.1041, 0.1000, 0.1114, 0.0955]], device='mps:0')
tensor([0., 0., 0., 0., 0., 0., 0., 0., 0., 0., 0., 0., 4., 0., 4., 1.])
completed batch 90
tensor([[0.0092, 0.0148, 0.8139, 0.0578, 0.1044],
        [0.5798, 0.1040, 0.0986, 0.1119, 0.1057],
        [0.0562, 0.5644, 0.1327, 0.1249, 0.1218],
        [0.1153, 0.4601, 0.1646, 0.1374, 0.1227],
        [0.5676, 0.1089, 0.1023, 0.1196, 0.1016],
        [0.5758, 0.1036, 0.1049, 0.1144, 0.1014],
        [0.0590, 0.5504, 0.1276, 0.1345, 0.1286],
        [0.5788, 0.1052, 0.1032, 0.1136, 0.0992],
        [0.0509, 0.3281, 0.2820, 0.1599, 0.1791],
        [0.0501, 0.6271, 0.0945, 0.1136, 0.1146],
        [0.0531, 0.5661, 0.1339, 0.1235, 0.1235],
        [0.0282, 0.0684, 0.4450, 0.2591, 0.1993],
        [0.5779, 0.1075, 0.1011, 0.1138, 0.0997],
        [0.5762, 0.1047, 0.1018, 0.1165, 0.1008],
        [0.5741, 0.1083, 0.1010, 0.1165, 0.1000],
        [0.5797, 0.1056, 0.0973, 0.1161, 0.1012]], device='mps:0')
tensor([1., 0., 0., 0., 0., 0., 0., 0., 1., 0., 0., 2., 0., 0., 0., 0.])
completed batch 100
tensor([[0.0064, 0.0105, 0.0158, 0.7955, 0.1718],
        [0.0799, 0.5388, 0.1368, 0.1271, 0.1175],
        [0.0500, 0.1842, 0.4578, 0.1492, 0.1589],
        [0.5732, 0.1086, 0.1032, 0.1151, 0.0999],
        [0.5753, 0.1045, 0.1054, 0.1130, 0.1017],
        [0.5861, 0.1028, 0.0998, 0.1118, 0.0995],
        [0.5777, 0.1060, 0.1023, 0.1137, 0.1003],
        [0.5852, 0.0979, 0.0985, 0.1188, 0.0997],
        [0.0178, 0.0317, 0.5754, 0.1978, 0.1772],
        [0.5673, 0.1079, 0.1042, 0.1181, 0.1026],
        [0.0529, 0.5950, 0.1041, 0.1213, 0.1266],
        [0.0561, 0.5537, 0.1373, 0.1279, 0.1250],
        [0.0652, 0.5569, 0.1324, 0.1277, 0.1177],
        [0.0089, 0.0127, 0.8155, 0.0607, 0.1022],
        [0.5828, 0.1037, 0.1017, 0.1133, 0.0986],
        [0.4914, 0.1451, 0.1330, 0.1227, 0.1079]], device='mps:0')
tensor([4., 0., 0., 0., 0., 0., 0., 0., 0., 0., 0., 0., 0., 3., 0., 0.])
completed batch 110
tensor([[0.4078, 0.1894, 0.1428, 0.1385, 0.1215],
        [0.0571, 0.5659, 0.1321, 0.1271, 0.1178],
        [0.5693, 0.1083, 0.1057, 0.1156, 0.1012],
        [0.0285, 0.0655, 0.6448, 0.1194, 0.1417],
        [0.0134, 0.0221, 0.0313, 0.8338, 0.0994],
        [0.5820, 0.1064, 0.1006, 0.1108, 0.1002],
        [0.5725, 0.1060, 0.1025, 0.1177, 0.1014],
        [0.5713, 0.1103, 0.0991, 0.1177, 0.1017],
        [0.2226, 0.3221, 0.1695, 0.1504, 0.1355],
        [0.5706, 0.1089, 0.1014, 0.1195, 0.0996],
        [0.5745, 0.1110, 0.1064, 0.1077, 0.1004],
        [0.5734, 0.1060, 0.1025, 0.1161, 0.1020],
        [0.0558, 0.5477, 0.1362, 0.1293, 0.1311],
        [0.0023, 0.0028, 0.0089, 0.0116, 0.9744],
        [0.5872, 0.1025, 0.0969, 0.1097, 0.1037],
        [0.5847, 0.1039, 0.1026, 0.1099, 0.0990]], device='mps:0')
tensor([0., 0., 0., 0., 0., 0., 0., 0., 0., 0., 0., 0., 0., 3., 0., 0.])
completed batch 120
tensor([[0.5800, 0.1045, 0.1014, 0.1148, 0.0992],
        [0.3886, 0.2080, 0.1446, 0.1347, 0.1241],
        [0.5848, 0.1011, 0.0997, 0.1130, 0.1015],
        [0.5737, 0.1072, 0.1016, 0.1168, 0.1007],
        [0.5763, 0.1063, 0.1022, 0.1151, 0.1001],
        [0.5790, 0.1072, 0.0998, 0.1110, 0.1029],
        [0.0620, 0.5716, 0.1228, 0.1191, 0.1245],
        [0.0590, 0.6466, 0.0888, 0.0995, 0.1062],
        [0.0485, 0.2894, 0.3398, 0.1587, 0.1635],
        [0.0087, 0.0150, 0.0234, 0.7837, 0.1693],
        [0.0379, 0.1011, 0.1686, 0.5113, 0.1810],
        [0.0577, 0.4726, 0.1980, 0.1345, 0.1372],
        [0.0136, 0.0224, 0.0380, 0.8211, 0.1050],
        [0.0031, 0.0037, 0.0227, 0.0189, 0.9515],
        [0.0188, 0.0376, 0.1311, 0.6623, 0.1501],
        [0.5940, 0.1031, 0.0989, 0.1021, 0.1018]], device='mps:0')
tensor([0., 0., 0., 0., 1., 0., 1., 0., 0., 4., 1., 1., 4., 4., 1., 0.])
completed batch 130
Evaluation finished!

[[1622  271]
 [  37  162]]
              precision    recall  f1-score   support

       False       0.98      0.86      0.91      1893
        True       0.37      0.81      0.51       199

    accuracy                           0.85      2092
   macro avg       0.68      0.84      0.71      2092
weighted avg       0.92      0.85      0.88      2092
